81.28377350306627 3.295951657484616 0.06101321781029472 Residue 3
107.2558768811472 3.4326508431302396 0.053342315863119445 Residue 4
86.99321497641002 3.4606691594319825 0.09878550993239722 Residue 5
109.43033658175385 3.3583706914794007 0.05908386923643676 Residue 6
90.90704960293 3.291483081081497 0.08407984899308188 Residue 7
114.90404367737061 3.4102414431798365 0.0565562732862612 Residue 8
105.1967157102681 3.3813954515679683 0.050691307805489715 Residue 9
103.91539111942758 3.432848448512107 0.04263607094694286 Residue 10
126.38708722307479 3.576842234199688 0.051127167658289674 Residue 11
65.72776091641808 3.504613176031003 0.05629767153233811 Residue 13
103.56170978345529 3.2524611628826117 0.15339335700529702 Residue 14
104.15619205552025 3.33429571404713 0.16351296545394783 Residue 16
76.09766253391028 3.3996205953688077 0.06584773561106722 Residue 17
110.44967427798021 3.3898051082768976 0.14558351409484477 Residue 18
72.71417479592958 3.3414795874300856 0.05418087347049211 Residue 19
108.18282569315025 3.233313973743553 0.09082782464831635 Residue 20
74.85111801177973 3.4468947145242015 0.03728572123715657 Residue 21
42.80696478167673 3.7375001588467915 0.1913824073053885 Residue 22
134.0376902111196 3.641050316665494 0.07169724931703217 Residue 23
162.03863916011576 3.895560089032608 0.12068491150486271 Residue 24
137.99737438049786 3.5354745080460734 0.18593136168697885 Residue 26
169.5185563529897 3.955255419974584 0.28613212142658484 Residue 28
148.32537966286367 3.8821909217522874 0.24565358444602278 Residue 29
145.13729717511677 3.7696490725115517 0.15874555458850362 Residue 30
160.59031730126185 4.208748664696232 0.1606264219410888 Residue 31
170.5457125034598 4.009205112735264 0.17323809600138976 Residue 32
153.69407706465634 3.7062941177343154 0.17209882837027377 Residue 33
150.01586626784277 3.800217800330278 0.04627186064878424 Residue 34
165.58550585781074 4.050774550711035 0.169804235068063 Residue 36
134.87578826897837 3.6485262713315065 0.07494440607149988 Residue 37
134.0513342427643 3.637692232197303 0.04248156562096267 Residue 38
38.80399031507749 3.8664312701221184 0.037249181723169156 Residue 40
147.1348059350036 3.310060764112654 0.06529084111879994 Residue 41
56.07552547404793 3.464534413784774 0.10795758170558742 Residue 42
93.91630981573358 3.5163991559404923 0.08775313090483519 Residue 43
74.35387031582721 3.352509157234252 0.04942056442035228 Residue 44
92.35385291581348 3.302205256451258 0.039551018097058584 Residue 45
74.44956463220115 3.1905639623749456 0.09762247958945941 Residue 46
81.08624811033158 3.3436693059052796 0.03581309992714755 Residue 47
49.31258158021529 3.588765458005077 0.030205165933955558 Residue 48
108.95025232281549 3.3536620179051377 0.04746653774972789 Residue 50
103.1341892025184 3.329295714384046 0.07680009889286053 Residue 51
106.18454802190804 3.3800516894921775 0.08073803847888145 Residue 53
82.06943025910869 3.381459731319874 0.051217399874862665 Residue 54
114.46436757925832 3.4016475267909367 0.11631028300014228 Residue 55
