81.28377350306627 2.6286413562552 0.06229989901559991 Residue 3
107.2558768811472 2.7382808135523997 0.06884292440108215 Residue 4
86.99321497641002 2.7484283393002595 0.08467435877566237 Residue 5
109.43033658175385 2.786214771414081 0.044011683168910055 Residue 6
90.90704960293 2.685325858424281 0.060189753063694285 Residue 7
114.90404367737061 2.7097127235832033 0.040521570061474194 Residue 8
105.1967157102681 2.7804741744495725 0.01609940624966259 Residue 9
103.91539111942758 2.569094074446552 0.016042463355970357 Residue 10
126.38708722307479 2.9068762194271436 0.014468902322769744 Residue 11
65.72776091641808 2.7492962995642274 0.039822311957779355 Residue 13
103.56170978345529 2.8127257005573654 0.07601243035497077 Residue 14
104.15619205552025 2.6612022082591125 0.08235221949326818 Residue 16
76.09766253391028 2.6112304893252154 0.06654272465473832 Residue 17
110.44967427798021 2.6958973093773313 0.05134244128825354 Residue 18
72.71417479592958 2.7504014596255013 0.10543646242755601 Residue 19
108.18282569315025 2.7936183903694367 0.02042904093583316 Residue 20
74.85111801177973 2.749612325003059 0.019080184680498585 Residue 21
42.80696478167673 2.7565239446717302 0.09087216031315874 Residue 22
134.0376902111196 2.9879306431296175 0.07503333844565954 Residue 23
162.03863916011576 3.1488252252294746 0.08949138651404699 Residue 24
137.99737438049786 2.999292478336259 0.1343061152566816 Residue 26
169.5185563529897 3.2133235751970477 0.08771837551197302 Residue 28
148.32537966286367 3.2023381779360873 0.09475332605792561 Residue 29
145.13729717511677 2.999795648414746 0.07110268206700757 Residue 30
160.59031730126185 3.1230122509951674 0.07204302787464997 Residue 31
170.5457125034598 3.1962917617267896 0.07500090693317486 Residue 32
153.69407706465634 2.894403551476773 0.10733596600098946 Residue 33
150.01586626784277 3.0459178476489557 0.10414614561858378 Residue 34
165.58550585781074 3.230488355038974 0.04387593672002675 Residue 36
134.87578826897837 2.7701073515603065 0.0786479974265643 Residue 37
134.0513342427643 2.9369629494755216 0.017671504025883106 Residue 38
38.80399031507749 2.9958156013007615 0.01420923602084902 Residue 40
147.1348059350036 2.6115455011193625 0.019564357993299933 Residue 41
56.07552547404793 2.866904326662336 0.15141918067421076 Residue 42
93.91630981573358 2.7318808381350728 0.06693454416656305 Residue 43
74.35387031582721 2.7136701306129547 0.07625453504297003 Residue 44
92.35385291581348 2.77080725174859 0.09684195713123768 Residue 45
74.44956463220115 2.6859241227012616 0.05585479926111143 Residue 46
81.08624811033158 2.8274821960453016 0.013435625269334396 Residue 47
49.31258158021529 2.75202972271378 0.04362403590140007 Residue 48
108.95025232281549 2.4598286342560876 0.014446561545604412 Residue 50
103.1341892025184 2.6558133327992857 0.06991128600971268 Residue 51
106.18454802190804 2.81606101421751 0.07516760171860451 Residue 53
82.06943025910869 2.7410924097787097 0.06973907652502374 Residue 54
114.46436757925832 2.806574911069951 0.0870554598106966 Residue 55
