81.28377350306627 4.9733866821780985 0.1274510498195171 Residue 3
107.2558768811472 5.017749045782032 0.19087018423351404 Residue 4
86.99321497641002 4.980890926085347 0.12481329461435081 Residue 5
109.43033658175385 4.919081019178806 0.1528992458555536 Residue 6
90.90704960293 5.019423955254859 0.1626423606903336 Residue 7
114.90404367737061 5.162950816040546 0.17198936154435995 Residue 8
105.1967157102681 4.9581464097942956 0.03166088481827926 Residue 9
103.91539111942758 4.80006325805101 0.024673479409902728 Residue 10
126.38708722307479 4.931463040110049 0.01554672462942964 Residue 11
65.72776091641808 4.980074779467267 0.08297583407258013 Residue 13
103.56170978345529 4.826793018680973 0.15993003834783265 Residue 14
104.15619205552025 5.041614462323445 0.15468774057095427 Residue 16
76.09766253391028 4.754631369705202 0.20180872839014294 Residue 17
110.44967427798021 4.885625288572179 0.0741448375129369 Residue 18
72.71417479592958 4.840155687117538 0.11559426708635681 Residue 19
108.18282569315025 4.909865948061146 0.05763995512271518 Residue 20
74.85111801177973 4.982855628274384 0.0331638055336031 Residue 21
42.80696478167673 5.007837614510387 0.16350892621810167 Residue 22
134.0376902111196 5.6746644138653 0.22834187577953544 Residue 23
162.03863916011576 5.946366503102154 0.20033543190353953 Residue 24
137.99737438049786 5.602955790994765 0.29347971053953237 Residue 26
169.5185563529897 6.016039678878388 0.24788931539899617 Residue 28
148.32537966286367 5.844980999654722 0.25727282868656665 Residue 29
145.13729717511677 5.602790056811528 0.1929986529526599 Residue 30
160.59031730126185 6.092778159346614 0.23735801958388697 Residue 31
170.5457125034598 5.9076333056231976 0.1922661687825488 Residue 32
153.69407706465634 6.057238825613726 0.22449365893659876 Residue 33
150.01586626784277 5.93338700106539 0.24580133993433184 Residue 34
165.58550585781074 5.77110214243184 0.05762208909327711 Residue 36
134.87578826897837 5.221346153290565 0.10231946185413332 Residue 37
134.0513342427643 4.976106634047109 0.027252397890006823 Residue 38
38.80399031507749 5.154687490216646 0.0439467179006366 Residue 40
147.1348059350036 4.386620429065453 0.025993388743877254 Residue 41
56.07552547404793 5.3822981970264765 0.13864260891402444 Residue 42
93.91630981573358 4.876209967269962 0.06289325185841647 Residue 43
74.35387031582721 5.052865890620282 0.06702162583312476 Residue 44
92.35385291581348 4.694367818413492 0.08127884341250641 Residue 45
74.44956463220115 4.970003497576581 0.16540330833655867 Residue 46
81.08624811033158 4.4825444426176455 0.02317980882342231 Residue 47
49.31258158021529 5.2562513865173415 0.026409471333737517 Residue 48
108.95025232281549 4.470480654622215 0.039581979840016546 Residue 50
103.1341892025184 4.988876062860427 0.10482336183124137 Residue 51
106.18454802190804 4.934752894565344 0.18281451672839327 Residue 53
82.06943025910869 4.741327440038582 0.08592337608257593 Residue 54
114.46436757925832 5.045247592069824 0.0692492643897395 Residue 55
