0.0 6.032434372611158
3.673469387755102 6.027047730544972
7.346938775510204 6.011029366122891
11.020408163265307 5.984797370286456
14.693877551020408 5.949027110334748
18.367346938775512 5.904620844550288
22.040816326530614 5.852668541584121
25.714285714285715 5.7944027825995335
29.387755102040817 5.731150852096933
33.06122448979592 5.664287044121818
36.734693877551024 5.59518787048083
40.40816326530612 5.525192330010307
44.08163265306123 5.455568767018832
47.755102040816325 5.387489192809975
51.42857142857143 5.322011331825062
55.10204081632653 5.260068128160126
58.775510204081634 5.202464032792663
62.44897959183674 5.149877092757794
66.12244897959184 5.102865673930479
69.79591836734694 5.061878554872981
73.46938775510205 5.027267113634585
77.14285714285714 4.999298376360802
80.81632653061224 4.9781677924719165
84.48979591836735 4.964010735353365
88.16326530612245 4.95691189184385
91.83673469387756 4.95691189184385
95.51020408163265 4.964010735353364
99.18367346938776 4.978167792471916
102.85714285714286 4.999298376360802
106.53061224489797 5.027267113634585
110.20408163265306 5.0618785548729806
113.87755102040816 5.102865673930481
117.55102040816327 5.149877092757796
121.22448979591837 5.202464032792664
124.89795918367348 5.260068128160124
128.57142857142858 5.3220113318250615
132.24489795918367 5.387489192809976
135.91836734693877 5.455568767018832
139.59183673469389 5.525192330010307
143.26530612244898 5.59518787048083
146.9387755102041 5.664287044121818
150.6122448979592 5.731150852096933
154.28571428571428 5.7944027825995335
157.9591836734694 5.852668541584123
161.6326530612245 5.904620844550288
165.3061224489796 5.9490271103347485
168.9795918367347 5.984797370286455
172.6530612244898 6.011029366122892
176.3265306122449 6.027047730544972
180.0 6.032434372611158
