0.0 3.9767206469666423
3.673469387755102 3.9737317286782146
7.346938775510204 3.9648427327074955
11.020408163265307 3.9502834484744676
14.693877551020408 3.9304254958605434
18.367346938775512 3.9057661678619278
22.040816326530614 3.876907481198864
25.714285714285715 3.8445318849976537
29.387755102040817 3.8093762162147113
33.06122448979592 3.7722054820646207
36.734693877551024 3.7337879121038253
40.40816326530612 3.694872486527425
44.08163265306123 3.6561698495483643
47.755102040816325 3.6183371939910893
51.42857142857143 3.581967386657242
55.10204081632653 3.5475823166552622
58.775510204081634 3.515630204944897
62.44897959183674 3.4864864192602028
66.12244897959184 3.460457195039348
69.79591836734694 3.437785567323294
73.46938775510205 3.4186587667831394
77.14285714285714 3.4032163211689372
80.81632653061224 3.391558128300672
84.48979591836735 3.3837518255909558
88.16326530612245 3.379838871347971
91.83673469387756 3.37983887134797
95.51020408163265 3.3837518255909558
99.18367346938776 3.3915581283006717
102.85714285714286 3.4032163211689364
106.53061224489797 3.4186587667831394
110.20408163265306 3.4377855673232944
113.87755102040816 3.460457195039348
117.55102040816327 3.4864864192602036
121.22448979591837 3.5156302049448973
124.89795918367348 3.5475823166552627
128.57142857142858 3.581967386657241
132.24489795918367 3.61833719399109
135.91836734693877 3.6561698495483643
139.59183673469389 3.694872486527425
143.26530612244898 3.7337879121038253
146.9387755102041 3.7722054820646216
150.6122448979592 3.8093762162147113
154.28571428571428 3.8445318849976537
157.9591836734694 3.8769074811988635
161.6326530612245 3.9057661678619273
165.3061224489796 3.9304254958605434
168.9795918367347 3.950283448474467
172.6530612244898 3.9648427327074955
176.3265306122449 3.9737317286782146
180.0 3.9767206469666423
