0.0 6.032434372611158
3.673469387755102 6.02618005638135
7.346938775510204 6.007589461417237
11.020408163265307 5.977171054597421
14.693877551020408 5.935744373620443
18.367346938775512 5.88440066020639
22.040816326530614 5.824452399977919
25.714285714285715 5.757375706633761
29.387755102040817 5.684749738994567
33.06122448979592 5.6081971543431255
36.734693877551024 5.529329060092259
40.40816326530612 5.449697145059888
44.08163265306123 5.370754778828606
47.755102040816325 5.2938279776884425
51.42857142857143 5.220096335849335
55.10204081632653 5.150583364714052
58.775510204081634 5.086155192894527
62.44897959183674 5.027526252157447
66.12244897959184 4.975270390375058
69.79591836734694 4.929835785275214
73.46938775510205 4.891562055279675
77.14285714285714 4.860698052758705
80.81632653061224 4.837418963027395
84.48979591836735 4.821841507298979
88.16326530612245 4.814036251691483
91.83673469387756 4.814036251691483
95.51020408163265 4.821841507298979
99.18367346938776 4.837418963027395
102.85714285714286 4.860698052758703
106.53061224489797 4.891562055279675
110.20408163265306 4.929835785275214
113.87755102040816 4.9752703903750595
117.55102040816327 5.027526252157447
121.22448979591837 5.086155192894527
124.89795918367348 5.150583364714051
128.57142857142858 5.220096335849336
132.24489795918367 5.293827977688443
135.91836734693877 5.370754778828606
139.59183673469389 5.449697145059888
143.26530612244898 5.529329060092257
146.9387755102041 5.6081971543431255
150.6122448979592 5.684749738994567
154.28571428571428 5.757375706633759
157.9591836734694 5.8244523999779165
161.6326530612245 5.88440066020639
165.3061224489796 5.9357443736204445
168.9795918367347 5.977171054597421
172.6530612244898 6.007589461417236
176.3265306122449 6.02618005638135
180.0 6.032434372611161
