0.0 3.9767206469666423
3.673469387755102 3.973238976248096
7.346938775510204 3.9628885513240886
11.020408163265307 3.9459486252226363
14.693877551020408 3.9228699512185443
18.367346938775512 3.8942539978326316
22.040816326530614 3.8608261348880593
25.714285714285715 3.8234047519655037
29.387755102040817 3.7828684310814253
33.06122448979592 3.7401232494074232
36.734693877551024 3.696072066403154
40.40816326530612 3.6515873017634712
44.08163265306123 3.6074882918184525
47.755102040816325 3.564523874993605
51.42857142857143 3.5233604438179986
55.10204081632653 3.4845753401695476
58.775510204081634 3.4486551766221645
62.44897959183674 3.415998443317815
66.12244897959184 3.386921602685222
69.79591836734694 3.361667775988513
73.46938775510205 3.3404170781839353
77.14285714285714 3.3232976545722317
80.81632653061224 3.3103965101870387
84.48979591836735 3.3017692984298463
88.16326530612245 3.2974483473410148
91.83673469387756 3.2974483473410148
95.51020408163265 3.3017692984298463
99.18367346938776 3.3103965101870387
102.85714285714286 3.3232976545722313
106.53061224489797 3.340417078183935
110.20408163265306 3.3616677759885123
113.87755102040816 3.386921602685222
117.55102040816327 3.4159984433178168
121.22448979591837 3.4486551766221645
124.89795918367348 3.484575340169548
128.57142857142858 3.5233604438179995
132.24489795918367 3.5645238749936063
135.91836734693877 3.6074882918184525
139.59183673469389 3.6515873017634726
143.26530612244898 3.6960720664031532
146.9387755102041 3.7401232494074232
150.6122448979592 3.7828684310814245
154.28571428571428 3.8234047519655037
157.9591836734694 3.8608261348880593
161.6326530612245 3.894253997832632
165.3061224489796 3.9228699512185448
168.9795918367347 3.9459486252226363
172.6530612244898 3.9628885513240886
176.3265306122449 3.973238976248096
180.0 3.9767206469666423
