0.0 3.169087427908705
3.673469387755102 3.1670322882317543
7.346938775510204 3.1609198388060733
11.020408163265307 3.1509066993271446
14.693877551020408 3.1372464319102225
18.367346938775512 3.12027887746326
22.040816326530614 3.100416254688609
25.714285714285715 3.078126925934874
29.387755102040817 3.0539178359710264
33.06122448979592 3.0283166454223434
36.734693877551024 3.0018545177313367
40.40816326530612 2.9750503922067413
44.08163265306123 2.9483974052268875
47.755102040816325 2.922351926920113
51.42857142857143 2.897325479597259
55.10204081632653 2.873679611108699
58.775510204081634 2.851723621132543
62.44897959183674 2.831714887290764
66.12244897959184 2.813861414169731
69.79591836734694 2.7983261333337284
73.46938775510205 2.7852324171527165
77.14285714285714 2.7746702345803254
80.81632653061224 2.76670237385301
84.48979591836735 2.7613701860743953
88.16326530612245 2.758698364449031
91.83673469387756 2.7586983644490304
95.51020408163265 2.761370186074395
99.18367346938776 2.7667023738530085
102.85714285714286 2.7746702345803254
106.53061224489797 2.7852324171527156
110.20408163265306 2.7983261333337293
113.87755102040816 2.8138614141697325
117.55102040816327 2.831714887290764
121.22448979591837 2.8517236211325434
124.89795918367348 2.873679611108698
128.57142857142858 2.8973254795972587
132.24489795918367 2.9223519269201135
135.91836734693877 2.948397405226887
139.59183673469389 2.9750503922067404
143.26530612244898 3.0018545177313367
146.9387755102041 3.028316645422344
150.6122448979592 3.053917835971026
154.28571428571428 3.0781269259348747
157.9591836734694 3.1004162546886094
161.6326530612245 3.12027887746326
165.3061224489796 3.137246431910223
168.9795918367347 3.1509066993271446
172.6530612244898 3.1609198388060737
176.3265306122449 3.167032288231754
180.0 3.169087427908705
