0.0 3.169087427908705
3.673469387755102 3.1666885921984402
7.346938775510204 3.159556385861795
11.020408163265307 3.14788077990875
14.693877551020408 3.131968837658663
18.367346938775512 3.112231115033096
22.040816326530614 3.089164004532762
25.714285714285715 3.0633292283771842
29.387755102040817 3.035331807935514
33.06122448979592 3.005797838943506
36.734693877551024 2.9753532988199805
40.40816326530612 2.944604927720866
44.08163265306123 2.914123987725539
47.755102040816325 2.8844334433174206
51.42857142857143 2.8559988453723855
55.10204081632653 2.8292229580008286
58.775510204081634 2.804443953760612
62.44897959183674 2.7819368231596826
66.12244897959184 2.761917500329521
69.79591836734694 2.7445490978372007
73.46938775510205 2.729949569334636
77.14285714285714 2.718200079575017
80.81632653061224 2.7093533587371583
84.48979591836735 2.7034413537690054
88.16326530612245 2.700481564430306
91.83673469387756 2.700481564430306
95.51020408163265 2.7034413537690054
99.18367346938776 2.709353358737159
102.85714285714286 2.7182000795750167
106.53061224489797 2.729949569334635
110.20408163265306 2.7445490978372
113.87755102040816 2.7619175003295213
117.55102040816327 2.7819368231596826
121.22448979591837 2.804443953760612
124.89795918367348 2.8292229580008277
128.57142857142858 2.855998845372386
132.24489795918367 2.8844334433174215
135.91836734693877 2.914123987725539
139.59183673469389 2.9446049277208663
143.26530612244898 2.9753532988199796
146.9387755102041 3.005797838943506
150.6122448979592 3.035331807935514
154.28571428571428 3.063329228377184
157.9591836734694 3.089164004532761
161.6326530612245 3.1122311150330955
165.3061224489796 3.131968837658662
168.9795918367347 3.14788077990875
172.6530612244898 3.159556385861795
176.3265306122449 3.1666885921984402
180.0 3.1690874279087056
