81.28377350306627 -19.49440993882354 3.295951657484616
107.2558768811472 -170.87635731763075 3.4326508431302396
86.99321497641002 30.368236049382734 3.4606691594319825
109.43033658175385 -140.6703997091962 3.3583706914794007
90.90704960293003 55.189031160733876 3.291483081081497
114.90404367737062 -111.38544570542481 3.4102414431798365
105.1967157102681 41.296837606189506 3.3813954515679683
103.91539111942757 -81.62177070705555 3.432848448512107
126.38708722307479 -89.26458347838208 3.576842234199688
65.72776091641808 37.572183603189735 3.504613176031003
103.56170978345529 -144.19491833330255 3.2524611628826117
104.15619205552025 -156.29174251725428 3.33429571404713
76.09766253391031 -0.9023107593789625 3.3996205953688077
110.44967427798022 162.02454163067222 3.3898051082768976
72.71417479592958 -18.009972063642522 3.3414795874300856
108.18282569315024 129.26006095729392 3.233313973743553
74.85111801177973 -46.417747764846006 3.4468947145242015
42.80696478167674 -15.25637653165858 3.7375001588467915
134.0376902111196 178.36560990917923 3.641050316665494
162.03863916011576 -165.42949050864325 3.895560089032608
137.99737438049783 168.50309040505587 3.5354745080460734
169.51855635298972 -174.82281064039813 3.955255419974584
148.32537966286367 147.15814477057978 3.8821909217522874
145.13729717511674 -178.8974682252046 3.7696490725115517
160.5903173012618 -137.54031152348384 4.208748664696232
170.5457125034598 136.01756950480032 4.009205112735264
153.69407706465628 163.9856418319229 3.7062941177343154
150.0158662678427 -162.5800903178981 3.800217800330278
165.58550585781074 157.49425863504942 4.050774550711035
134.87578826897837 -172.0613090213688 3.6485262713315065
134.0513342427643 -69.15812747571627 3.637692232197303
38.80399031507749 101.36806903550773 3.8664312701221184
147.1348059350036 -12.548172543828437 3.310060764112654
56.075525474047936 99.78986567675538 3.464534413784774
93.91630981573358 -105.76135395184109 3.5163991559404923
74.35387031582721 40.82623913052855 3.352509157234252
92.35385291581348 -157.28262933192562 3.302205256451258
74.44956463220115 22.05671495447935 3.1905639623749456
81.08624811033158 -146.20697069938362 3.3436693059052796
49.31258158021528 -162.46403893235325 3.588765458005077
108.95025232281549 -154.68466910107463 3.3536620179051377
103.1341892025184 -177.54602563316087 3.329295714384046
106.18454802190804 -134.3656460563501 3.3800516894921775
82.06943025910869 56.63518155261068 3.381459731319874
114.46436757925832 -121.31358368690849 3.4016475267909367
