81.28377350306627 -19.49440993882354 2.6286413562552
107.2558768811472 -170.87635731763075 2.7382808135523997
86.99321497641002 30.368236049382734 2.7484283393002595
109.43033658175385 -140.6703997091962 2.786214771414081
90.90704960293003 55.189031160733876 2.685325858424281
114.90404367737062 -111.38544570542481 2.7097127235832033
105.1967157102681 41.296837606189506 2.7804741744495725
103.91539111942757 -81.62177070705555 2.569094074446552
126.38708722307479 -89.26458347838208 2.9068762194271436
65.72776091641808 37.572183603189735 2.7492962995642274
103.56170978345529 -144.19491833330255 2.8127257005573654
104.15619205552025 -156.29174251725428 2.6612022082591125
76.09766253391031 -0.9023107593789625 2.6112304893252154
110.44967427798022 162.02454163067222 2.6958973093773313
72.71417479592958 -18.009972063642522 2.7504014596255013
108.18282569315024 129.26006095729392 2.7936183903694367
74.85111801177973 -46.417747764846006 2.749612325003059
42.80696478167674 -15.25637653165858 2.7565239446717302
134.0376902111196 178.36560990917923 2.9879306431296175
162.03863916011576 -165.42949050864325 3.1488252252294746
137.99737438049783 168.50309040505587 2.999292478336259
169.51855635298972 -174.82281064039813 3.2133235751970477
148.32537966286367 147.15814477057978 3.2023381779360873
145.13729717511674 -178.8974682252046 2.999795648414746
160.5903173012618 -137.54031152348384 3.1230122509951674
170.5457125034598 136.01756950480032 3.1962917617267896
153.69407706465628 163.9856418319229 2.894403551476773
150.0158662678427 -162.5800903178981 3.0459178476489557
165.58550585781074 157.49425863504942 3.230488355038974
134.87578826897837 -172.0613090213688 2.7701073515603065
134.0513342427643 -69.15812747571627 2.9369629494755216
38.80399031507749 101.36806903550773 2.9958156013007615
147.1348059350036 -12.548172543828437 2.6115455011193625
56.075525474047936 99.78986567675538 2.866904326662336
93.91630981573358 -105.76135395184109 2.7318808381350728
74.35387031582721 40.82623913052855 2.7136701306129547
92.35385291581348 -157.28262933192562 2.77080725174859
74.44956463220115 22.05671495447935 2.6859241227012616
81.08624811033158 -146.20697069938362 2.8274821960453016
49.31258158021528 -162.46403893235325 2.75202972271378
108.95025232281549 -154.68466910107463 2.4598286342560876
103.1341892025184 -177.54602563316087 2.6558133327992857
106.18454802190804 -134.3656460563501 2.81606101421751
82.06943025910869 56.63518155261068 2.7410924097787097
114.46436757925832 -121.31358368690849 2.806574911069951
