81.28377350306627 -19.49440993882354 4.9733866821780985
107.2558768811472 -170.87635731763075 5.017749045782032
86.99321497641002 30.368236049382734 4.980890926085347
109.43033658175385 -140.6703997091962 4.919081019178806
90.90704960293003 55.189031160733876 5.019423955254859
114.90404367737062 -111.38544570542481 5.162950816040546
105.1967157102681 41.296837606189506 4.9581464097942956
103.91539111942757 -81.62177070705555 4.80006325805101
126.38708722307479 -89.26458347838208 4.931463040110049
65.72776091641808 37.572183603189735 4.980074779467267
103.56170978345529 -144.19491833330255 4.826793018680973
104.15619205552025 -156.29174251725428 5.041614462323445
76.09766253391031 -0.9023107593789625 4.754631369705202
110.44967427798022 162.02454163067222 4.885625288572179
72.71417479592958 -18.009972063642522 4.840155687117538
108.18282569315024 129.26006095729392 4.909865948061146
74.85111801177973 -46.417747764846006 4.982855628274384
42.80696478167674 -15.25637653165858 5.007837614510387
134.0376902111196 178.36560990917923 5.6746644138653
162.03863916011576 -165.42949050864325 5.946366503102154
137.99737438049783 168.50309040505587 5.602955790994765
169.51855635298972 -174.82281064039813 6.016039678878388
148.32537966286367 147.15814477057978 5.844980999654722
145.13729717511674 -178.8974682252046 5.602790056811528
160.5903173012618 -137.54031152348384 6.092778159346614
170.5457125034598 136.01756950480032 5.9076333056231976
153.69407706465628 163.9856418319229 6.057238825613726
150.0158662678427 -162.5800903178981 5.93338700106539
165.58550585781074 157.49425863504942 5.77110214243184
134.87578826897837 -172.0613090213688 5.221346153290565
134.0513342427643 -69.15812747571627 4.976106634047109
38.80399031507749 101.36806903550773 5.154687490216646
147.1348059350036 -12.548172543828437 4.386620429065453
56.075525474047936 99.78986567675538 5.3822981970264765
93.91630981573358 -105.76135395184109 4.876209967269962
74.35387031582721 40.82623913052855 5.052865890620282
92.35385291581348 -157.28262933192562 4.694367818413492
74.44956463220115 22.05671495447935 4.970003497576581
81.08624811033158 -146.20697069938362 4.4825444426176455
49.31258158021528 -162.46403893235325 5.2562513865173415
108.95025232281549 -154.68466910107463 4.470480654622215
103.1341892025184 -177.54602563316087 4.988876062860427
106.18454802190804 -134.3656460563501 4.934752894565344
82.06943025910869 56.63518155261068 4.741327440038582
114.46436757925832 -121.31358368690849 5.045247592069824
