0.096479 0.000829
0.082713 0.000572
0.068661 0.000569
0.055864 0.000499
0.044831 0.000442
0.035235 0.000441
0.027778 0.000444
0.021982 0.000386
0.017836 0.000383
0.014487 0.000369
0.012496 0.000380
0.011103 0.000357
0.009950 0.000348
0.008750 0.000333
0.008909 0.000368
0.007654 0.000313
0.007040 0.000317
0.006437 0.000329
0.005666 0.000343
0.004572 0.000342
0.004092 0.000349
0.003354 0.000388
0.002234 0.000360
0.001832 0.000393
0.000811 0.000368
0.000103 0.000396
0.000001 0.000389
-0.000706 0.000399
