%<residue><chainID><atom	1><atom	2><frequency><R1><R1	errors><R2><R2	errors><NOE><NOE	errors>					
248	A	N	H	800	0.996953371	0.019283489	22.03028367	0.435111582	0.285479058	0.014273953
249	A	N	H	800	0.941354774	0.035332053	28.60266021	1.084116286	0.700269192	0.03501346
250	A	N	H	800	0.733392629	0.053445774	32.82497893	2.653275679	0.933568494	0.046678425
252	A	N	H	800	0.844863536	0.027312702	27.65765647	0.967373931	0.896385227	0.044819261
254	A	N	H	800	0.701172876	0.015983707	28.76543257	0.640351776	0.807215645	0.040360782
256	A	N	H	800	0.713350838	0.027275313	26.17914822	0.854466583	0.637529049	0.031876452
257	A	N	H	800	0.696015649	0.020897744	33.83878945	1.158118816	0.859569244	0.042978462
258	A	N	H	800	0.760939954	0.027046024	28.85659006	1.114202998	0.789055907	0.039452795
260	A	N	H	800	0.884538522	0.057493434	24.41795717	1.827517236	0.700424902	0.035021245
261	A	N	H	800	0.857978887	0.025311344	34.84589822	1.440099182	0.868664835	0.043433242
262	A	N	H	800	0.915896115	0.032216582	28.74419186	1.299676715	0.777643908	0.038882195
263	A	N	H	800	0.831877923	0.042331998	31.12305128	1.966025668	0.817625147	0.040881257
264	A	N	H	800	0.785626123	0.036708679	35.66121755	2.204292895	0.714429611	0.035721481
265	A	N	H	800	0.750748286	0.026437143	26.03492751	1.20653562	0.719713549	0.035985677
266	A	N	H	800	0.836483187	0.037506511	28.77382251	1.650017052	0.812908812	0.040645441
268	A	N	H	800	0.842136904	0.041130639	27.91717051	1.268251164	0.639799269	0.031989963
269	A	N	H	800	0.856195202	0.040211003	31.74894529	1.878373002	0.844103741	0.042205187
270	A	N	H	800	0.786815486	0.02519134	24.14267468	0.950979611	0.709602575	0.035480129
271	A	N	H	800	0.770497375	0.04515202	33.8767427	2.261141694	0.732102489	0.036605124
272	A	N	H	800	0.87936037	0.046196154	30.05692402	2.573020665	0.734986751	0.036749338
276	A	N	H	800	0.872019124	0.017719311	22.35377102	0.739921763	0.64157734	0.032078867
278	A	N	H	800	0.818457293	0.019750703	24.39366976	0.562290116	0.597328998	0.02986645
279	A	N	H	800	0.899926475	0.037867434	27.68114341	1.434647484	0.893125969	0.044656298
280	A	N	H	800	0.87492754	0.040671261	29.74436218	1.551432839	0.796703197	0.03983516
282	A	N	H	800	0.866806943	0.049366019	29.98862859	2.031676936	0.754862995	0.03774315
283	A	N	H	800	0.761349988	0.033357482	31.51543579	1.542613734	0.835053599	0.04175268
284	A	N	H	800	0.793559755	0.045923821	32.64653979	2.358172296	0.741828431	0.037091422
285	A	N	H	800	0.755661842	0.020664292	29.68057282	0.879067077	0.687730985	0.034386549
288	A	N	H	800	0.982530784	0.020858308	22.66146433	0.500414503	0.351747961	0.017587398
289	A	N	H	800	0.951552231	0.016415335	20.17765558	0.349375754	0.490016178	0.024500809
290	A	N	H	800	1.127457309	0.015221161	17.90967671	0.285254783	0.428753433	0.021437672
291	A	N	H	800	0.79066939	0.011455586	23.37091117	0.357208354	0.505833504	0.025291675
292	A	N	H	800	0.865125745	0.031092317	24.86087037	1.145763917	0.633204323	0.031660216
293	A	N	H	800	0.767496302	0.019972747	30.77096489	0.870549957	0.732565653	0.036628283
294	A	N	H	800	0.880031845	0.040597506	26.3603811	1.275944236	0.850310329	0.042515516
295	A	N	H	800	0.730899423	0.028519552	27.8478946	1.092381436	0.75556915	0.037778458
296	A	N	H	800	0.856059107	0.058328324	30.50054254	2.855617563	0.878832925	0.043941646
297	A	N	H	800	0.826163609	0.039095443	32.04655611	1.742404322	0.845644729	0.042282236
299	A	N	H	800	0.698618659	0.032397454	32.2494152	1.701774155	0.835995077	0.041799754
301	A	N	H	800	0.890333034	0.0245427	27.46830394	0.86520578	0.739831909	0.036991595
302	A	N	H	800	0.794851285	0.022866428	29.67832343	0.951448385	0.744957788	0.037247889
303	A	N	H	800	0.803338114	0.024377445	29.97474461	0.992864759	0.721810532	0.036090527
306	A	N	H	800	0.818995594	0.043856401	26.2078894	1.920437149	0.708317991	0.0354159
308	A	N	H	800	0.848070626	0.019803176	32.7061525	0.781243695	0.819688139	0.040984407
309	A	N	H	800	0.793822831	0.034180731	29.15024251	1.450848628	1.009311932	0.050465597
310	A	N	H	800	0.851580229	0.041621909	27.47130715	1.663248203	0.783174892	0.039158745
311	A	N	H	800	0.843109122	0.016939904	28.04203942	0.604509139	0.849033119	0.042451656
312	A	N	H	800	0.861809357	0.043022043	31.71330951	1.923251915	0.969393169	0.048469658
313	A	N	H	800	0.748719055	0.039829737	30.8164433	1.885151724	0.897167653	0.044858383
315	A	N	H	800	0.794028383	0.020218902	26.97499246	0.677211856	0.797361179	0.039868059
316	A	N	H	800	0.76220932	0.038305688	31.73079678	2.063091549	0.858414916	0.042920746
319	A	N	H	800	0.676897218	0.026078893	28.17421597	1.072642243	0.603200887	0.030160044
320	A	N	H	800	0.746827475	0.020868354	32.50259927	1.096833135	0.735882355	0.036794118
321	A	N	H	800	0.637026367	0.043079858	31.4836374	2.091705006	0.558680291	0.027934015
322	A	N	H	800	0.827995188	0.037334991	30.55988564	1.555599594	0.737753713	0.036887686
323	A	N	H	800	0.735357211	0.020968455	28.85712674	0.774911584	0.646502128	0.032325106
325	A	N	H	800	0.717346157	0.03852231	31.06258267	1.657380056	0.612257522	0.030612876
326	A	N	H	800	0.556263642	0.01689547	29.36730619	0.798819609	0.638210544	0.031910527
327	A	N	H	800	0.657633796	0.032487442	37.43134115	2.102735605	0.843840065	0.042192003
328	A	N	H	800	0.809088426	0.038935283	32.91365939	1.763830397	0.839800817	0.041990041
329	A	N	H	800	0.863723152	0.034607078	28.13294702	1.264541862	0.828792508	0.041439625
333	A	N	H	800	0.855695671	0.048933152	30.48009741	2.111459762	0.87540259	0.043770129
334	A	N	H	800	0.743183126	0.038013591	33.0827504	2.07605157	0.699471178	0.034973559
335	A	N	H	800	0.780418193	0.03920939	30.67259628	1.906223677	0.677192123	0.033859606
336	A	N	H	800	0.81813418	0.018583972	19.24343525	0.447950214	0.274903063	0.013745153
338	A	N	H	800	0.860269478	0.017436055	34.92638381	0.906659008	0.829823889	0.041491194
339	A	N	H	800	0.843730348	0.02205628	26.95855345	0.806067483	0.717626672	0.035881334
340	A	N	H	800	0.863650571	0.044167588	31.95038189	1.985704916	0.583572124	0.029178606
343	A	N	H	800	0.674795527	0.018626012	27.18342797	0.667234552	0.455854116	0.022792706
345	A	N	H	800	0.662222072	0.028990907	30.05165918	1.385237992	0.727148759	0.036357438
346	A	N	H	800	0.669361315	0.030298217	32.29460073	1.748874305	0.779616215	0.038980811
348	A	N	H	800	0.789798981	0.037532551	35.04563251	2.068519536	0.876307362	0.043815368
350	A	N	H	800	0.742748852	0.038250885	29.37281767	1.660249384	0.848921179	0.042446059
										
248	A	N	H	600	1.041521971	0.02352989	21.06893605	0.467269347	0.259673607	0.01298368
249	A	N	H	600	0.978705582	0.038276725	30.07440139	1.058032251	0.636492497	0.031824625
250	A	N	H	600	0.751629446	0.066140744	32.75158208	2.170403581	1.039966496	0.051998325
252	A	N	H	600	0.881072457	0.035407805	28.44109587	0.979974556	0.955579972	0.047778999
254	A	N	H	600	0.732183918	0.019518835	28.35944284	0.515809172	0.732462828	0.036623141
256	A	N	H	600	0.770486251	0.021442404	27.94077824	0.632136044	0.720000957	0.036000048
257	A	N	H	600	0.754300998	0.023818495	32.39972047	0.899019553	0.885483493	0.044274175
258	A	N	H	600	0.758184082	0.02383067	31.40393956	0.814398899	0.789969471	0.039498474
260	A	N	H	600	0.930064779	0.058930574	29.41675702	1.689373864	0.854059534	0.042702977
261	A	N	H	600	0.856783447	0.028052673	31.34806673	0.86069541	0.732875727	0.036643786
262	A	N	H	600	0.914127873	0.033845431	28.26320903	0.954118204	0.880786103	0.044039305
263	A	N	H	600	0.797718496	0.053523515	33.82518143	1.839290916	0.786162316	0.039308116
264	A	N	H	600	0.737339864	0.041216845	32.45211163	1.413411739	0.666785035	0.033339252
265	A	N	H	600	0.753284361	0.030567304	30.79811887	0.986073225	0.671811924	0.033590596
266	A	N	H	600	0.850960972	0.039431346	31.0825082	1.247156633	0.86094154	0.043047077
268	A	N	H	600	0.891746833	0.037886484	26.59744409	1.127523738	1.100844869	0.055042243
269	A	N	H	600	0.865718606	0.052735501	30.75707304	1.506612068	0.861237462	0.043061873
270	A	N	H	600	0.807193914	0.019846176	29.09363043	0.587640761	0.790021118	0.039501056
271	A	N	H	600	0.778353324	0.048582329	33.48367571	1.716127487	0.888095239	0.044404762
272	A	N	H	600	0.848924183	0.050094256	32.39438461	1.490459376	0.752863933	0.037643197
276	A	N	H	600	0.866114328	0.024230534	29.09151134	0.644700689	0.745174199	0.03725871
278	A	N	H	600	0.840855802	0.019907856	22.58782389	0.47015866	0.523642377	0.026182119
279	A	N	H	600	0.944801971	0.052135513	29.37868383	1.366145608	1.051918456	0.052595923
280	A	N	H	600	0.907249758	0.054935557	30.39967965	1.558659636	0.905216786	0.045260839
282	A	N	H	600	0.881654989	0.055855392	29.23387735	1.441800839	0.944514615	0.047225731
283	A	N	H	600	0.767814906	0.034588362	29.70508108	1.082928002	0.785059872	0.039252994
284	A	N	H	600	0.880327561	0.05661477	36.72214956	1.966998083	0.853009178	0.042650459
285	A	N	H	600	0.773552033	0.026853731	28.99143549	0.789875349	0.637399645	0.031869982
288	A	N	H	600	1.05301861	0.029395713	20.47045992	0.473967533	0.332790753	0.016639538
289	A	N	H	600	0.989925101	0.018532653	20.51219024	0.355038617	0.434132313	0.021706616
290	A	N	H	600	1.123357634	0.01769134	16.60442437	0.259066201	0.265196905	0.013259845
291	A	N	H	600	0.871239003	0.016894145	21.78442807	0.372916091	0.505529982	0.025276499
292	A	N	H	600	0.876493798	0.038177236	24.29732149	0.876333527	0.581595574	0.029079779
293	A	N	H	600	0.773956076	0.021315297	26.68594021	0.637993855	0.775992974	0.038799649
294	A	N	H	600	0.850715707	0.030106593	29.01326595	0.817854472	0.74900755	0.037450377
295	A	N	H	600	0.781301962	0.029018053	26.5121387	0.805760119	0.904053354	0.045202668
296	A	N	H	600	0.770449774	0.07689477	30.34998867	2.470545906	0.697317732	0.034865887
297	A	N	H	600	0.816176806	0.044635489	30.8445945	1.317068595	1.017789145	0.050889457
299	A	N	H	600	0.666120326	0.038685522	30.88159293	1.311443831	0.711112618	0.035555631
301	A	N	H	600	0.882509925	0.027872718	27.39242156	0.723918075	0.80812844	0.040406422
302	A	N	H	600	0.831650145	0.018977727	30.17395937	0.540325559	0.805012858	0.040250643
303	A	N	H	600	0.866396832	0.02780279	29.22388292	0.772989353	0.817326929	0.040866346
306	A	N	H	600	0.848453006	0.038914582	27.79994223	1.125793001	0.906008473	0.045300424
308	A	N	H	600	0.830606043	0.017694877	31.38745524	0.55021094	0.835078466	0.041753923
309	A	N	H	600	0.774669979	0.037309435	28.6943438	1.044196876	1.03718321	0.05185916
310	A	N	H	600	0.84600262	0.042780443	28.17318816	1.27009757	1.070738566	0.053536928
311	A	N	H	600	0.870878536	0.016315802	28.47423389	0.475669428	0.826548692	0.041327435
312	A	N	H	600	0.879965685	0.056374071	30.95797842	1.805561873	0.881589968	0.044079498
313	A	N	H	600	0.73472807	0.046084277	31.86306391	1.630869917	0.95852979	0.047926489
315	A	N	H	600	0.825653632	0.018855656	29.09519653	0.54651857	0.821520947	0.041076047
316	A	N	H	600	0.810854657	0.042074971	30.62778185	1.340308606	0.751217066	0.037560853
319	A	N	H	600	0.724772873	0.032443094	25.19459364	0.856486689	0.698442646	0.034922132
320	A	N	H	600	0.77839775	0.020555085	29.40623925	0.651579324	0.702916731	0.035145837
321	A	N	H	600	0.746106288	0.032008433	26.29710749	0.842748026	0.515244449	0.025762222
322	A	N	H	600	0.758042702	0.040626795	30.0784371	1.244860967	0.72506996	0.036253498
323	A	N	H	600	0.760407765	0.023886598	26.59948227	0.64969023	0.697835614	0.034891781
325	A	N	H	600	0.745351137	0.039140428	27.95339812	1.221680121	0.689117745	0.034455887
326	A	N	H	600	0.670599247	0.022151244	29.3618035	0.747622524	0.748897197	0.03744486
327	A	N	H	600	0.649620954	0.04072867	36.13782928	1.755352443	0.843923513	0.042196176
328	A	N	H	600	0.866011237	0.044080927	32.51770641	1.449038755	0.827522966	0.041376148
329	A	N	H	600	0.874934861	0.038145572	26.67748066	1.026868378	0.847994095	0.042399705
333	A	N	H	600	0.836472448	0.048312479	28.39743457	1.440674535	0.888760937	0.044438047
334	A	N	H	600	0.801309595	0.045717882	30.20740023	1.4021682	0.78538908	0.039269454
335	A	N	H	600	0.699524334	0.039760938	29.30322548	1.39894351	0.652797255	0.032639863
336	A	N	H	600	0.847024638	0.01187299	11.56894942	0.175982729	0.119806724	0.005990336
338	A	N	H	600	0.883589867	0.017693457	31.88233601	0.559313831	0.864475443	0.043223772
339	A	N	H	600	0.838755532	0.02699371	26.99079132	0.72379402	0.640670152	0.032033508
340	A	N	H	600	1.006052643	0.0620815	24.27994925	1.294458696	0.749394989	0.037469749
343	A	N	H	600	0.761979184	0.02267714	26.60661566	0.592259462	0.40167811	0.020083906
345	A	N	H	600	0.708523976	0.034337469	30.51138146	1.26367749	0.987383427	0.049369171
346	A	N	H	600	0.669889641	0.032537132	29.58039957	1.14528791	0.770949977	0.038547499
348	A	N	H	600	0.785889472	0.037915275	33.79591518	1.279841899	0.84853735	0.042426868
350	A	N	H	600	0.777080051	0.047281682	29.53955628	1.359958015	1.027107755	0.051355388
