0.0 22.872607552074058
3.673469387755102 22.832943231269486
7.346938775510204 22.715212365146854
11.020408163265307 22.52312372534836
14.693877551020408 22.262608528658177
18.367346938775512 21.94147308033932
22.040816326530614 21.56896333664159
25.714285714285715 21.155282535477802
29.387755102040817 20.711103398219596
33.06122448979592 20.247111718977703
36.734693877551024 19.773609918044293
40.40816326530612 19.300199154885334
44.08163265306123 18.83554857653411
47.755102040816325 18.387251514041175
51.42857142857143 17.961761690201087
55.10204081632653 17.564398009715262
58.775510204081634 17.19940411823889
62.44897959183674 16.87004825185443
66.12244897959184 16.578749473303212
69.79591836734694 16.32721774088356
73.46938775510205 16.116596994282553
77.14285714285714 15.947602286941128
80.81632653061224 15.820643767523471
84.48979591836735 15.735931919909053
88.16326530612245 15.693559881187003
91.83673469387756 15.693559881187003
95.51020408163265 15.73593191990905
99.18367346938776 15.820643767523471
102.85714285714286 15.947602286941128
106.53061224489797 16.116596994282556
110.20408163265306 16.327217740883558
113.87755102040816 16.578749473303212
117.55102040816327 16.870048251854428
121.22448979591837 17.19940411823888
124.89795918367348 17.56439800971527
128.57142857142858 17.961761690201087
132.24489795918367 18.387251514041175
135.91836734693877 18.835548576534116
139.59183673469389 19.300199154885327
143.26530612244898 19.773609918044293
146.9387755102041 20.24711171897772
150.6122448979592 20.7111033982196
154.28571428571428 21.1552825354778
157.9591836734694 21.56896333664159
161.6326530612245 21.94147308033932
165.3061224489796 22.262608528658177
168.9795918367347 22.523123725348345
172.6530612244898 22.715212365146854
176.3265306122449 22.83294323126949
180.0 22.872607552074058
