0.0 88.60710956656312
3.673469387755102 88.34409552044544
7.346938775510204 87.5660674832322
11.020408163265307 86.30513126925429
14.693877551020408 84.61181347293217
18.367346938775512 82.55104000409855
22.040816326530614 80.19730864907436
25.714285714285715 77.62964958747574
29.387755102040817 74.92691101132267
33.06122448979592 72.16377424587351
36.734693877551024 69.4077356801503
40.40816326530612 66.71713039974954
44.08163265306123 64.14014177778603
47.755102040816325 61.714654679067976
51.42857142857143 59.46876696886004
55.10204081632653 57.4217663379003
58.775510204081634 55.58539558344757
62.44897959183674 53.965258388877515
66.12244897959184 52.56225065770046
69.79591836734694 51.373933846798714
73.46938775510205 50.39579340935092
77.14285714285714 49.622346270643256
80.81632653061224 49.04807634479526
84.48979591836735 48.66818724485871
88.16326530612245 48.47916757731008
91.83673469387756 48.47916757731008
95.51020408163265 48.66818724485871
99.18367346938776 49.04807634479528
102.85714285714286 49.62234627064325
106.53061224489797 50.39579340935092
110.20408163265306 51.37393384679872
113.87755102040816 52.562250657700474
117.55102040816327 53.96525838887752
121.22448979591837 55.58539558344758
124.89795918367348 57.42176633790031
128.57142857142858 59.46876696886006
132.24489795918367 61.714654679068
135.91836734693877 64.14014177778606
139.59183673469389 66.71713039974954
143.26530612244898 69.40773568015028
146.9387755102041 72.16377424587353
150.6122448979592 74.92691101132267
154.28571428571428 77.62964958747573
157.9591836734694 80.19730864907436
161.6326530612245 82.55104000409855
165.3061224489796 84.61181347293221
168.9795918367347 86.3051312692543
172.6530612244898 87.5660674832322
176.3265306122449 88.34409552044545
180.0 88.60710956656312
