80.91437786755031 43.46586340866092 1.415506149057441 Residue 248
162.9372878107226 63.340500421460156 3.399291029860592 Residue 249
31.46188825475993 85.71795274961056 9.56799452797744 Residue 250
141.93071608130828 63.91571033114976 3.458360230946463 Residue 252
144.01749908881854 79.12202314690488 2.614889376282548 Residue 254
67.2578196517524 74.13107447421311 2.719138082168826 Residue 256
144.79757994550175 86.14564835810921 3.696437302676783 Residue 257
49.04521470342071 84.05679495958461 3.4942143091308897 Residue 258
50.54197106105787 63.41631233031986 5.522155384558374 Residue 260
58.82212086331803 74.6784076449745 3.2557759838886042 Residue 261
123.6820570684199 61.75805201384348 3.164723221233875 Residue 262
33.758074939054005 86.11772025324483 7.5406044327856385 Residue 263
38.801072615505085 90.82776321365239 6.524758057934512 Residue 264
116.54407546602661 84.2420471794885 4.425495583510039 Residue 265
120.0701854312587 73.33160186630417 4.575846352227101 Residue 266
149.01929626371623 57.921863510728166 3.556910655827646 Residue 268
35.562236619761904 71.29595901985299 5.667156500444862 Residue 269
163.8542511280309 73.00834321115724 2.385510938381745 Residue 270
63.2068789189356 86.24947757482647 7.065421367417245 Residue 271
61.36427585051763 77.7291793654724 5.907362059509942 Residue 272
82.54802582352285 68.36018068663829 2.499384886283695 Residue 276
143.1355988115988 56.064822492334656 1.8129834214800302 Residue 278
23.92845022477187 60.79511161043982 4.476136150708136 Residue 279
157.5471888292158 66.80838497848646 5.39544797843213 Residue 280
154.9201171672851 65.7730664880005 5.376290578272802 Residue 282
58.19432932298613 78.49288809231527 4.626615356696225 Residue 283
121.82160829038277 83.9784383535873 7.129855998242995 Residue 284
76.85006682089475 77.4820158082152 3.4822224816369203 Residue 285
55.91075193634382 41.30936580854774 1.5430961465408795 Residue 288
80.31099620320512 43.508399303772535 1.1452434264157365 Residue 289
98.04289946436316 31.418846485778193 0.724843385568232 Residue 290
69.9346589244516 52.234020669156585 1.3911065207531794 Residue 291
29.141506606706823 57.44819796877739 3.3181178407586014 Residue 292
125.31500230724494 69.9232487649062 2.6119652117700887 Residue 293
49.28972574912807 69.39212636580334 3.2051172731251336 Residue 294
131.2688284179556 67.68026996715683 3.319794627519974 Residue 295
38.96389415547004 80.85731981396854 10.557828776992194 Residue 296
71.71254815812598 74.41707122275893 5.253886848312375 Residue 297
88.01953510593886 95.17696990824084 6.938340107453403 Residue 299
122.35975188432431 62.58176572256964 2.6401945582400095 Residue 301
85.7558494222223 73.357964222982 2.191287476782422 Residue 302
129.6598868670381 68.01776091453827 2.8939387644145294 Residue 303
142.15019232202565 65.29967559617805 4.07509228811299 Residue 306
139.31158386042554 76.15290031285853 2.16818136659331 Residue 308
32.114989386446524 72.74228150592039 4.475722187144256 Residue 309
142.68751590845855 65.02692995943792 4.492827616839661 Residue 310
33.83362195156185 65.82215464038727 1.7140629428791292 Residue 311
113.010351751027 70.40690191076676 6.201263172685634 Residue 312
85.7841535005581 86.18320363754681 7.078014400276011 Residue 313
137.02232518375186 71.06821116130438 2.164851578262684 Residue 315
102.97727299470506 76.94634525079829 5.3079694626601714 Residue 316
29.206038789974688 71.21662650765278 4.075951290950775 Residue 319
90.54557212142649 77.44272109729982 2.729547980859117 Residue 320
44.47531988082572 73.99015568747623 4.029749161271836 Residue 321
107.0671518479516 81.15920936187526 5.580723085848911 Residue 322
79.45937291163955 71.67669846698038 2.91293955620015 Residue 323
161.3206564066703 77.01128426111656 5.345825552458434 Residue 325
37.97570937557852 89.38888290161034 3.7971115216839997 Residue 326
99.27866107796731 112.46730552873068 9.022547144641855 Residue 327
115.09951888349823 75.73641297147306 5.2094281457283405 Residue 328
39.41344443152558 61.14493755577284 3.631343102629664 Residue 329
18.490594128527135 67.84377028595438 5.308086627278829 Residue 333
123.90714657619297 76.45365789002626 5.713499113144737 Residue 334
74.22449907867374 86.5551231401656 6.515589189661013 Residue 335
90.73277717443217 29.527761897061986 0.6364316356425261 Residue 336
142.16218172442493 72.39577023976015 1.9951126980572516 Residue 338
30.477016574381704 66.3457971876037 2.838379948004258 Residue 339
136.62660271220304 48.793557621381446 4.0720570081188 Residue 340
136.32972433837676 74.42063646461507 2.815558813762242 Residue 343
77.22280729615056 85.26169945060671 5.52477119932887 Residue 345
141.7038376507909 89.90148022547231 5.66726463258341 Residue 346
154.91082730672687 86.6553520196981 5.398780325631363 Residue 348
92.44921001456132 74.77280972213191 5.800914712213397 Residue 350
