0.0 66.4352098709261
3.673469387755102 66.26577699860016
7.346938775510204 65.76390517274545
11.020408163265307 64.94840140288537
14.693877551020408 63.849092010807354
18.367346938775512 62.50474039945255
22.040816326530614 60.96048583659855
25.714285714285715 59.26507941290172
29.387755102040817 57.46818381213296
33.06122448979592 55.61795882264394
36.734693877551024 53.7590883746122
40.40816326530612 51.93133226223481
44.08163265306123 50.168619118466665
47.755102040816325 48.49864470793748
51.42857142857143 46.94290447057626
55.10204081632653 45.517070887777734
58.775510204081634 44.23162162966835
62.44897959183674 43.09262954835152
66.12244897959184 42.10263645203316
69.79591836734694 41.261545971394305
73.46938775510205 40.5674843899625
77.14285714285714 40.017590636234985
80.81632653061224 39.60870704237087
84.48979591836735 39.33795079813436
88.16326530612245 39.20315242848825
91.83673469387756 39.20315242848825
95.51020408163265 39.33795079813435
99.18367346938776 39.60870704237088
102.85714285714286 40.01759063623497
106.53061224489797 40.567484389962495
110.20408163265306 41.26154597139431
113.87755102040816 42.10263645203316
117.55102040816327 43.09262954835152
121.22448979591837 44.23162162966836
124.89795918367348 45.517070887777734
128.57142857142858 46.94290447057626
132.24489795918367 48.4986447079375
135.91836734693877 50.16861911846667
139.59183673469389 51.93133226223481
143.26530612244898 53.7590883746122
146.9387755102041 55.61795882264395
150.6122448979592 57.46818381213296
154.28571428571428 59.26507941290171
157.9591836734694 60.96048583659855
161.6326530612245 62.50474039945253
165.3061224489796 63.849092010807375
168.9795918367347 64.9484014028854
172.6530612244898 65.76390517274545
176.3265306122449 66.26577699860016
180.0 66.4352098709261
