0.0 66.4352098709261
3.673469387755102 66.19621549936579
7.346938775510204 65.48986084124164
11.020408163265307 64.34709045579221
14.693877551020408 62.816485287770064
18.367346938775512 60.960238768067214
22.040816326530614 58.8493463712334
25.714285714285715 56.55861290721433
29.387755102040817 54.162018738162686
33.06122448979592 51.72884608986076
36.734693877551024 49.32079377725695
40.40816326530612 46.990143447928375
44.08163265306123 44.778910112280485
47.755102040816325 42.71882570327251
51.42857142857143 40.831965064023024
55.10204081632653 39.131819623876254
58.775510204081634 37.62464288019556
62.44897959183674 36.310922323198064
66.12244897959184 35.18686600809021
69.79591836734694 34.24582310693202
73.46938775510205 33.47958368394341
77.14285714285714 32.87952280516296
80.81632653061224 32.43756827871209
84.48979591836735 32.14698076964386
88.16326530612245 32.00294085794727
91.83673469387756 32.00294085794728
95.51020408163265 32.14698076964386
99.18367346938776 32.43756827871209
102.85714285714286 32.87952280516297
106.53061224489797 33.47958368394342
110.20408163265306 34.24582310693201
113.87755102040816 35.18686600809022
117.55102040816327 36.31092232319807
121.22448979591837 37.624642880195545
124.89795918367348 39.131819623876254
128.57142857142858 40.831965064023024
132.24489795918367 42.718825703272515
135.91836734693877 44.7789101122805
139.59183673469389 46.990143447928375
143.26530612244898 49.32079377725695
146.9387755102041 51.72884608986079
150.6122448979592 54.16201873816269
154.28571428571428 56.55861290721433
157.9591836734694 58.8493463712334
161.6326530612245 60.960238768067214
165.3061224489796 62.816485287770064
168.9795918367347 64.3470904557922
172.6530612244898 65.48986084124166
176.3265306122449 66.19621549936578
180.0 66.4352098709261
