67.36409144554229 -0.7151610492615074 4.973388957291792
111.62700348122796 -149.23826265992253 5.0177510013896285
89.13614009470591 45.51129230096281 4.9808928848247795
103.18956315847548 -120.40864334340138 4.919082627648157
101.11504655567242 67.72082752680268 5.019424528422316
99.97262928539487 -92.40126481947074 5.1629523553054435
109.98258748169786 49.307724111466634 4.958147639154902
84.1112471661025 -66.7703965553633 4.800065065655076
107.25170206425237 -70.85876515149371 4.931466832702138
71.70521556653041 59.79665840665566 4.980076567017782
98.87325125290035 -125.7254145798921 4.826794978978668
103.62119947408011 -136.69737411598314 5.041616534950702
68.0899368629589 19.757955481304112 4.75463320953767
123.44006200700383 -175.2548322106846 4.885626446761651
59.5637250069254 3.573418049932203 4.840156963927147
128.01868125591037 146.76534660309994 4.9098656457563425
55.50776487481651 -28.60754358005575 4.982855757546569
32.789235307253556 23.043893826478893 5.007837493337105
139.76019206064015 -145.62881118212678 5.674664792909743
155.4626974598598 -97.69048231098395 5.946367740842429
146.6195926807511 -152.20500161738835 5.602955698062296
160.37400359744152 -81.41464669730051 6.016040926268666
162.31328566228441 -163.12402390974438 5.844980235803737
148.09478408809534 -132.73159253688098 5.602790399305899
147.92467201017547 -87.35243409996744 6.092780005986078
167.74012746285518 -66.99016914180913 5.907633961946141
160.22984703214706 -133.21093337124438 6.057238760173602
146.4467065095018 -114.4677450899851 5.933388080856598
166.15694284286872 -95.59759813527528 5.771102593301105
137.12389284325633 -136.03862446575172 5.2213467765159205
113.48038387693772 -53.85479565393736 4.976109166568914
59.00964805936984 119.47020446387177 5.154692303321153
132.08880051130652 -15.207668438115565 4.386626471265309
76.0958628667015 116.45426381150904 5.382302113331547
78.29930267513046 -92.24927635217212 4.876210201598566
80.85456429988236 59.620348968636826 5.0528673883857405
92.94111453390643 -141.87683864424935 4.6943695198310325
74.4997081332466 42.2896720774875 4.970005290985566
78.5037744804659 -135.48643341296977 4.4825452195836695
54.80237083840322 -163.7502747883947 5.256254790873688
107.52082198513594 -133.38971460782057 4.470481922420291
110.06542909451213 -157.24358948017522 4.9888782225280845
98.09085873510185 -115.79387841138717 4.934754234217432
93.13412223397951 71.81640948869453 4.74132824964081
102.06727715766061 -101.35048182042406 5.045249115159414
