83.06535033181238 3.2959515786095417 0.06101321299344846 Residue 3
106.22541171241724 3.4326508648919036 0.05334231688021768 Residue 4
87.27896289171174 3.4606693067513574 0.09878552219183723 Residue 5
109.46170237311563 3.3583707646613803 0.059083873295203156 Residue 6
90.28728810605992 3.2914832811143193 0.08407986551642868 Residue 7
115.96066753865357 3.4102413586204507 0.05655626900870856 Residue 8
105.06886695004107 3.3813955879189517 0.05069131412367835 Residue 9
105.743655521036 3.4328483117471604 0.04263606583593063 Residue 10
128.05163532102551 3.5768415733560768 0.05112714128328903 Residue 11
65.76484591598775 3.5046132022503733 0.05629767273553138 Residue 13
103.46778776259072 3.2524612922551976 0.15339337704526762 Residue 14
103.62297537095942 3.3342957967624898 0.16351297806707057 Residue 16
77.4301839967891 3.3996205827962385 0.06584773485355705 Residue 17
108.69591942487168 3.3898050621729285 0.1455835080896815 Residue 18
74.46790133249043 3.341479540317857 0.054180871018668426 Residue 19
106.0750608495607 3.2333139771523354 0.09082782494090216 Residue 20
76.9497713794081 3.446894689911086 0.03728572042614897 Residue 21
44.51293075018085 3.7374998694630106 0.19138236965612238 Residue 22
132.66842494226296 3.6410501162914644 0.07169723866339736 Residue 23
161.1010188526406 3.895559356473197 0.12068485698879794 Residue 24
136.3744627009332 3.535474282042611 0.18593132857125405 Residue 26
168.24019457469035 3.955254610344221 0.286131984300993 Residue 28
146.3263873468377 3.8821905220294606 0.24565352368136875 Residue 29
143.83425730493542 3.7696486839324646 0.15874551345854035 Residue 30
160.64035158621354 4.208747776578453 0.1606263481441607 Residue 31
168.45398066908774 4.009204320998032 0.17323801711635656 Residue 32
151.96064951145624 3.706293657919653 0.17209877335098525 Residue 33
149.21384264524417 3.8002172842506567 0.04627184436986633 Residue 34
163.71642838311587 4.05077386650731 0.1698041698223854 Residue 36
133.7882342001393 3.6485260227106724 0.07494439237663343 Residue 37
136.06108853002434 3.6376914793806514 0.04248154116647917 Residue 38
36.93147788783325 3.86642989246853 0.0372491482889609 Residue 40
54.225676615091984 3.4645339609297148 0.10795754062567543 Residue 42
95.15752665824252 3.5163993348543743 0.08775314360153769 Residue 43
74.26464761589644 3.3525092652206885 0.04942056947367373 Residue 44
91.79308290110446 3.3022053352969873 0.03955102124247239 Residue 45
75.04218806932352 3.1905640172802023 0.09762248539062568 Residue 46
80.93382324256952 3.3436694185124263 0.03581310378537175 Residue 47
48.601595396527706 3.588764974935857 0.030205154336122097 Residue 48
108.47102669095972 3.3536620747189656 0.0474665402826517 Residue 50
101.89967209720162 3.3292957148065576 0.07680009890815857 Residue 51
106.44965108577868 3.380051791442184 0.0807380459511784 Residue 53
81.40444280130347 3.3814599122492845 0.05121740849028273 Residue 54
115.18977052488222 3.401647499862085 0.11631028021232055 Residue 55
