0.0 4.061821963746724
3.673469387755102 4.058342495027892
7.346938775510204 4.047998550246698
11.020408163265307 4.0310690200885215
14.693877551020408 4.008004102080323
18.367346938775512 3.9794045792799375
22.040816326530614 3.94599508023938
25.714285714285715 3.9085932701256074
29.387755102040817 3.868077084456772
33.06122448979592 3.82535207375757
36.734693877551024 3.7813207098716792
40.40816326530612 3.7368551607502063
44.08163265306123 3.6927746252285822
47.755102040816325 3.6498278845975283
51.42857142857143 3.608681315618288
55.10204081632653 3.5699122485004797
58.775510204081634 3.5340072581887014
62.44897959183674 3.5013647519050797
66.12244897959184 3.4723010566530754
69.79591836734694 3.4470591100929235
73.46938775510205 3.4258188091782964
77.14285714285714 3.4087080670055787
80.81632653061224 3.395813665403959
84.48979591836735 3.387191066472379
88.16326530612245 3.382872458599883
91.83673469387756 3.3828724585998824
95.51020408163265 3.38719106647238
99.18367346938776 3.3958136654039603
102.85714285714286 3.408708067005578
106.53061224489797 3.425818809178296
110.20408163265306 3.4470591100929235
113.87755102040816 3.4723010566530754
117.55102040816327 3.5013647519050797
121.22448979591837 3.534007258188702
124.89795918367348 3.5699122485004797
128.57142857142858 3.608681315618287
132.24489795918367 3.6498278845975287
135.91836734693877 3.692774625228582
139.59183673469389 3.7368551607502067
143.26530612244898 3.7813207098716792
146.9387755102041 3.82535207375757
150.6122448979592 3.8680770844567722
154.28571428571428 3.9085932701256074
157.9591836734694 3.94599508023938
161.6326530612245 3.9794045792799375
165.3061224489796 4.008004102080323
168.9795918367347 4.031069020088521
172.6530612244898 4.047998550246699
176.3265306122449 4.058342495027891
180.0 4.061821963746724
