65.52692048525357 14.722830374022843 0.3923816784155582 Residue 2
137.08776589681742 16.418838051573108 0.3673873110017699 Residue 3
31.337485967420573 18.232009023166846 0.3844634979844261 Residue 4
139.5356725309526 17.170084684093172 0.5452164122681233 Residue 5
25.250632839694664 19.219182517677822 0.659296016935827 Residue 6
120.96546423601123 17.385793794425826 0.410834548370189 Residue 7
92.78341957585529 11.480658897087332 0.7274667832914006 Residue 8
77.54692906945613 12.0930182541308 1.2227847993317753 Residue 9
45.08221262074137 12.456266071412204 0.6741792381509236 Residue 10
89.52692769144434 10.855471308788461 0.6917938135044261 Residue 11
137.66836002380015 16.01404329413888 0.501714858062159 Residue 12
44.10220941326882 17.007398806016923 0.5987289488480989 Residue 15
72.33690785949604 14.699628028521223 0.40973190908629653 Residue 17
108.20718843940196 15.902643814807293 0.406145821929264 Residue 18
104.71620794638882 14.905636655117167 0.30084399961361263 Residue 20
90.89667098856258 14.638922211582873 0.30362090892723226 Residue 21
120.23204553032575 14.989047978182104 0.39587385979836076 Residue 22
28.70581157260647 17.892863594721057 0.24606675304051798 Residue 27
11.382561261023174 19.01939733471747 0.6582037491970458 Residue 28
15.78790602969737 19.816119217559095 0.6401892253756836 Residue 29
27.50292308629676 18.308843691867647 0.3932320290123475 Residue 30
3.453409874172814 20.06841439636223 0.2844559785246423 Residue 32
18.667305512598507 19.040898038519938 0.19979812838123023 Residue 33
25.598314685641167 18.544031959732568 0.41416091398544386 Residue 34
41.993408224777205 16.410152912992547 0.3707108441094361 Residue 35
66.9286351048585 16.54119423241926 0.44788526532483924 Residue 36
131.63268544028307 15.093734295207376 0.2893803639527944 Residue 39
109.08892310343965 15.135755786276189 0.41899868081312164 Residue 40
74.43695481169483 13.941246783209603 0.2508109546141159 Residue 41
57.84543417935558 15.900975038494929 0.6176320873709901 Residue 43
145.17189089412 17.237621770399823 0.323298259066787 Residue 44
54.99854322777769 17.437122804116463 1.0022065120703776 Residue 45
137.22122478640628 16.714270849732607 0.5448231282819874 Residue 46
152.08732041982455 15.936831300975163 0.6385275290799887 Residue 47
92.89974659746589 15.402992770305547 0.9360363541877478 Residue 48
58.87367364206497 14.142200293918359 0.2806484824300931 Residue 49
154.30249833531653 18.2151185080146 0.4196063827853539 Residue 50
26.888942923262192 15.88448317187231 0.6197994424830051 Residue 51
103.94376440469867 15.57882864350742 0.32387354461153606 Residue 52
144.83355958811762 17.223293243250495 0.21240694129795767 Residue 54
12.48612008229664 19.205502572079226 0.4875503158413315 Residue 55
118.1851627104573 14.708210480781228 0.39020944149919673 Residue 56
105.962368447546 14.697694582063454 0.23792305398609043 Residue 57
133.52772429215437 15.827208483222343 0.20197684242334407 Residue 58
130.71393033411965 16.221844918661436 0.3336651376960138 Residue 59
68.05813023060716 14.99455891971437 0.21187758818995278 Residue 60
86.24628020714258 14.504755670785512 0.20179450238552313 Residue 61
98.60902611725679 13.640737179643766 0.6270521975564477 Residue 62
33.300224422481016 17.126557533712294 0.272341824050008 Residue 63
115.25106603383281 14.635946161684862 0.26831111117315243 Residue 64
75.65773616136853 14.196725975527569 0.3705067003817739 Residue 65
43.99095758707193 16.492974727339828 0.513578705952975 Residue 66
131.26814602306172 16.611086793395007 0.3537962625936685 Residue 67
30.958464149024223 18.363264839899696 0.3716148892989088 Residue 68
127.08964099047344 15.375142900079831 0.23293478395637984 Residue 69
52.030072043568815 18.032423314568327 0.21412548630767 Residue 70
104.43839772378439 15.531578506660107 0.2992702060614134 Residue 71
92.73864582044489 12.630188524588313 0.4104186184125271 Residue 72
69.47244693423843 6.8280137056869465 0.44618768260029795 Residue 73
110.85150992661146 6.531725639935271 0.8009847423483275 Residue 74
100.05100819859116 2.8340255578812656 1.0827641142005702 Residue 75
128.56172347992057 2.239110848087837 0.9015454641259959 Residue 76
