0.0 19.246095377257383
3.673469387755102 19.216692226724557
7.346938775510204 19.12936952648176
11.020408163265307 18.9867367454273
14.693877551020408 18.79297880175565
18.367346938775512 18.553626788777876
22.040816326530614 18.275268381951427
25.714285714285715 17.96522371893507
29.387755102040817 17.63121324752357
33.06122448979592 17.28104165994767
36.734693877551024 16.922317361252595
40.40816326530612 16.562220966996218
44.08163265306123 16.20733009429788
47.755102040816325 15.863502013868956
51.42857142857143 15.535811099770264
55.10204081632653 15.228534685989288
58.775510204081634 14.945178908864023
62.44897959183674 14.688535211712223
66.12244897959184 14.460758159454352
69.79591836734694 14.263455786865482
73.46938775510205 14.097784643053362
77.14285714285714 13.964542806954114
80.81632653061224 13.864255301563944
84.48979591836735 13.797247448049108
88.16326530612245 13.763702736215524
91.83673469387756 13.763702736215524
95.51020408163265 13.797247448049108
99.18367346938776 13.864255301563944
102.85714285714286 13.964542806954114
106.53061224489797 14.097784643053362
110.20408163265306 14.263455786865478
113.87755102040816 14.460758159454347
117.55102040816327 14.688535211712225
121.22448979591837 14.945178908864019
124.89795918367348 15.228534685989285
128.57142857142858 15.53581109977026
132.24489795918367 15.86350201386896
135.91836734693877 16.207330094297877
139.59183673469389 16.562220966996207
143.26530612244898 16.922317361252592
146.9387755102041 17.281041659947682
150.6122448979592 17.63121324752357
154.28571428571428 17.96522371893508
157.9591836734694 18.275268381951427
161.6326530612245 18.553626788777876
165.3061224489796 18.79297880175565
168.9795918367347 18.9867367454273
172.6530612244898 19.12936952648176
176.3265306122449 19.21669222672456
180.0 19.246095377257383
