0.0 19.246095377257383
3.673469387755102 19.223461682144276
7.346938775510204 19.156180078345844
11.020408163265307 19.046077951020745
14.693877551020408 18.896100138692475
18.367346938775512 18.710166909728642
22.040816326530614 18.492992242578865
25.714285714285715 18.249876847312628
29.387755102040817 17.986491225950147
33.06122448979592 17.70866330409055
36.734693877551024 17.42218307978483
40.40816326530612 17.13263377049757
44.08163265306123 16.845255578498993
47.755102040816325 16.564844876132074
51.42857142857143 16.295688668537174
55.10204081632653 16.04153182846884
58.775510204081634 15.805572899052168
62.44897959183674 15.590483210454629
66.12244897959184 15.398443574394989
69.79591836734694 15.231192791506263
73.46938775510205 15.090082508921721
77.14285714285714 14.97613348798123
80.81632653061224 14.890088994261584
84.48979591836735 14.83246173777566
88.16326530612245 14.803571526470133
91.83673469387756 14.803571526470133
95.51020408163265 14.832461737775663
99.18367346938776 14.890088994261584
102.85714285714286 14.976133487981224
106.53061224489797 15.090082508921721
110.20408163265306 15.231192791506269
113.87755102040816 15.398443574394989
117.55102040816327 15.590483210454629
121.22448979591837 15.805572899052168
124.89795918367348 16.041531828468845
128.57142857142858 16.295688668537174
132.24489795918367 16.564844876132078
135.91836734693877 16.845255578498993
139.59183673469389 17.132633770497574
143.26530612244898 17.422183079784833
146.9387755102041 17.70866330409055
150.6122448979592 17.986491225950157
154.28571428571428 18.249876847312628
157.9591836734694 18.492992242578865
161.6326530612245 18.710166909728642
165.3061224489796 18.89610013869247
168.9795918367347 19.04607795102075
172.6530612244898 19.156180078345848
176.3265306122449 19.223461682144276
180.0 19.246095377257383
