65.52692048525357 66.63133217508535 14.722830374022843
137.0877658968174 -164.74606690000505 16.418838051573108
31.3374859674206 -30.605690871406065 18.232009023166846
139.5356725309526 124.23836015760719 17.170084684093172
25.250632839694678 -64.02933632279628 19.219182517677822
120.96546423601123 79.70819467182137 17.385793794425826
92.78341957585529 -145.8011309080017 11.480658897087332
77.54692906945613 176.42623153080652 12.0930182541308
45.08221262074139 -121.1385835102335 12.456266071412204
89.52692769144434 -97.60577126069775 10.855471308788461
137.66836002380018 91.27834354165876 16.01404329413888
44.102209413268824 6.324970547808849 17.007398806016923
72.33690785949604 49.20314210292142 14.699628028521223
108.20718843940195 -104.58091392275962 15.902643814807293
104.71620794638882 114.65618044415841 14.905636655117167
90.89667098856256 55.342010744675484 14.638922211582873
120.23204553032575 175.16259145029898 14.989047978182104
28.705811572606457 -109.37402346000229 17.892863594721057
11.382561261023138 -158.1280974479727 19.01939733471747
15.787906029697393 -27.62721111381823 19.816119217559095
27.502923086296786 -85.88244117882081 18.308843691867647
3.453409874172814 176.76039321138273 20.06841439636223
18.667305512598507 -51.826124509624336 19.040898038519938
25.598314685641167 -122.11190906882707 18.544031959732568
41.99340822477723 140.3633633589536 16.410152912992547
66.9286351048585 83.23361039151338 16.54119423241926
131.632685440283 -177.76912660278572 15.093734295207376
109.08892310343965 137.044430895864 15.135755786276189
74.43695481169483 -166.83933788266592 13.941246783209603
57.84543417935558 -137.4207720417284 15.900975038494929
145.17189089411997 79.00486734448494 17.237621770399823
54.99854322777769 -91.22851345639057 17.437122804116463
137.22122478640628 85.53838678990734 16.714270849732607
152.08732041982455 121.93920629696638 15.936831300975163
92.89974659746589 105.72624876785973 15.402992770305547
58.87367364206497 -60.68953148931482 14.142200293918359
154.30249833531647 54.42445363527976 18.2151185080146
26.888942923262192 73.45643188006174 15.88448317187231
103.94376440469867 -71.44609178800245 15.57882864350742
144.83355958811762 -19.240856295997713 17.223293243250495
12.48612008229661 -36.32943975095688 19.205502572079226
118.18516271045728 164.2080510873083 14.708210480781228
105.962368447546 -178.09763524476404 14.697694582063454
133.52772429215435 -161.65648141163584 15.827208483222343
130.71393033411965 154.64078544431217 16.221844918661436
68.05813023060716 -161.00739293801158 14.99455891971437
86.24628020714258 -142.1674725429556 14.504755670785512
98.60902611725679 -11.7027602797916 13.640737179643766
33.30022442248104 136.6760335812497 17.126557533712294
115.25106603383281 -170.35564258918157 14.635946161684862
75.65773616136853 179.9605455535022 14.196725975527569
43.99095758707193 -4.338719523856928 16.492974727339828
131.26814602306172 140.81887275462756 16.611086793395007
30.958464149024202 -101.84704699897026 18.363264839899696
127.08964099047344 56.384561489686114 15.375142900079831
52.030072043568815 -164.23996248021876 18.032423314568327
104.43839772378439 9.45882884917253 15.531578506660107
92.73864582044489 161.0581214798524 12.630188524588313
69.47244693423843 -7.6290413462868365 6.8280137056869465
110.85150992661146 150.6881156386746 6.531725639935271
100.05100819859116 127.99105494404142 2.8340255578812656
128.56172347992057 -111.47067454910734 2.239110848087837
