0.0 51.80671668632994
3.673469387755102 51.63470813218386
7.346938775510204 51.126060242614116
11.020408163265307 50.30226786930483
14.693877551020408 49.19712327289824
18.367346938775512 47.85398022824289
22.040816326530614 46.32247684065882
25.714285714285715 44.65512441417333
29.387755102040817 42.90412863981935
33.06122448979592 41.11871638732708
36.734693877551024 39.34312575132568
40.40816326530612 37.61530578147351
44.08163265306123 35.966283940341924
47.755102040816325 34.420101731098626
51.42857142857143 32.99419131804542
55.10204081632653 31.70006218213992
58.775510204081634 30.544178818036507
62.44897959183674 29.528930589126166
66.12244897959184 28.653617271960385
69.79591836734694 27.91539477719551
73.46938775510205 27.31014308716536
77.14285714285714 26.83323198444907
80.81632653061224 26.480169866113997
84.48979591836735 26.247127459696518
88.16326530612245 26.131332322566227
91.83673469387756 26.131332322566223
95.51020408163265 26.24712745969652
99.18367346938776 26.480169866114
102.85714285714286 26.833231984449064
106.53061224489797 27.31014308716536
110.20408163265306 27.915394777195505
113.87755102040816 28.653617271960385
117.55102040816327 29.528930589126162
121.22448979591837 30.544178818036528
124.89795918367348 31.70006218213993
128.57142857142858 32.99419131804542
132.24489795918367 34.42010173109862
135.91836734693877 35.96628394034193
139.59183673469389 37.6153057814735
143.26530612244898 39.34312575132569
146.9387755102041 41.1187163873271
150.6122448979592 42.90412863981936
154.28571428571428 44.65512441417332
157.9591836734694 46.32247684065881
161.6326530612245 47.853980228242904
165.3061224489796 49.197123272898246
168.9795918367347 50.30226786930484
172.6530612244898 51.126060242614116
176.3265306122449 51.63470813218386
180.0 51.80671668632994
