0.0 19.589879639699028
3.673469387755102 19.562196570089192
7.346938775510204 19.479962355442886
11.020408163265307 19.345576793790183
14.693877551020408 19.162893314594825
18.367346938775512 18.937014308838293
22.040816326530614 18.674031742034778
25.714285714285715 18.380735514479326
29.387755102040817 18.06431283553858
33.06122448979592 17.732060034965563
36.734693877551024 17.39112437067347
40.40816326530612 17.04828834140718
44.08163265306123 16.709803619000397
47.755102040816325 16.38127668381307
51.42857142857143 16.06760405967365
55.10204081632653 15.772951940560333
58.775510204081634 15.500773011167972
62.44897959183674 15.253852270346993
66.12244897959184 15.034373471472415
69.79591836734694 14.843998173694347
73.46938775510205 14.683950144859178
77.14285714285714 14.555098800997268
80.81632653061224 14.458036385223858
84.48979591836735 14.393144601543753
88.16326530612245 14.360647384012859
91.83673469387756 14.360647384012859
95.51020408163265 14.39314460154375
99.18367346938776 14.458036385223858
102.85714285714286 14.555098800997271
106.53061224489797 14.683950144859176
110.20408163265306 14.843998173694345
113.87755102040816 15.034373471472422
117.55102040816327 15.253852270346993
121.22448979591837 15.500773011167972
124.89795918367348 15.772951940560336
128.57142857142858 16.067604059673652
132.24489795918367 16.38127668381307
135.91836734693877 16.709803619000404
139.59183673469389 17.04828834140718
143.26530612244898 17.39112437067347
146.9387755102041 17.732060034965563
150.6122448979592 18.06431283553858
154.28571428571428 18.38073551447933
157.9591836734694 18.67403174203478
161.6326530612245 18.937014308838286
165.3061224489796 19.162893314594825
168.9795918367347 19.345576793790183
172.6530612244898 19.479962355442886
176.3265306122449 19.562196570089192
180.0 19.589879639699028
