69.71784884484175 99.09936518472901 14.722832558386461
131.73010211990595 -129.87531998612485 16.41883949586386
34.59197286445171 10.05046372688524 18.2320102303366
138.4811479938505 164.29929013646986 17.170086222485686
25.774332882504925 -18.736821500282502 19.219182860833065
124.09639038247497 116.45799509218838 17.385794917243803
87.38902910565616 -111.89946017001381 11.480659452688391
72.83372074705494 -150.3941663677003 12.093018504653644
40.58117077747566 -83.91796090775266 12.456265360645519
86.50220638885916 -63.54573970531915 10.855473910093353
139.7151837775689 130.9345312252341 16.01404400749401
49.25339948675065 41.903211438798444 17.0074003620022
77.36174230743221 82.5354076456379 14.699629504040804
104.60551919411046 -71.88285216372503 15.902646739900543
104.79292955534319 149.99466140837805 14.90563996767804
95.65107177593475 89.39714339961435 14.638923247926225
115.52690003796822 -149.47990932197712 14.989049664558964
25.083709943143116 -67.41805330654411 17.8928631170439
5.964262593585763 -128.12037673752303 19.01939653233724
19.49391079863151 18.936162007458087 19.816119759609293
25.91432285486374 -41.59639744756391 18.30884368654711
2.969854248960466 94.9097550502234 20.068413971945823
20.479095944680278 -3.4090964712480494 19.040898405925528
21.14552327083739 -80.90357860181184 18.544031048033254
40.01426060812506 168.41980016821583 16.410153164071957
69.96427750151555 115.3478032903489 16.541196914483148
126.62000229330788 -142.12779156836754 15.093735820113588
107.07396926523936 172.60119420648235 15.135758408979841
69.1336173033461 -133.34693571427295 13.941246394417274
52.6339516371749 -102.4149064271233 15.900974011262232
148.20338014942072 119.81142026364286 17.237621528063276
52.64119597973458 -53.72972055690512 17.437124148481715
139.77625143841775 124.88783387181334 16.71427124077614
151.07003135913592 165.75245119531417 15.936832048772374
93.87406096331647 139.94650821211962 15.402995790323818
59.325880752391164 -23.534727469550145 14.14220345581726
158.95369613656655 94.93089029702726 18.21511711553651
30.82611820889371 100.50186429337532 15.884484187173072
103.15894987917767 -38.84361913186236 15.57883182257195
148.44828205176375 8.45462532453074 17.22329249944783
15.748076834879765 15.119849981114056 19.205502753213302
114.07783733019058 -160.1311748417736 14.70821229228635
100.98556666027386 -143.66328081673888 14.697695871460379
128.12696673453866 -127.13654546608967 15.827209899064147
127.19865806966673 -168.08654740242113 16.221846667832715
62.65521022968028 -127.42442325524645 14.994558149246648
80.91201130581472 -108.14009279740411 14.504755942349004
102.89114920890206 21.559929053125785 13.640738382166532
31.757858137599943 162.37142743936985 17.12655759692225
110.01990662022652 -135.8178967111441 14.635947282094348
70.78540945912563 -146.87231563258447 14.196725963223527
48.74599473290309 32.10374160480407 16.492976533847035
128.81862531375145 178.8160830682 16.61108853574456
27.90164692998923 -59.928281388984686 18.36326449097871
131.7427834751565 92.62002971172535 15.375142464678316
46.679790489462576 -131.2190283051806 18.03242196016317
109.64927469825095 42.87396775150328 15.531578152761758
88.89155439551983 -164.98412842302716 12.63019032823877
74.02594968163324 27.261216021623884 6.828015007888156
107.70280570796066 -173.85261613009408 6.531728025173648
98.89380676166816 162.78274930866473 2.8340260930697094
124.4495033143617 -80.21650886771671 2.239110826823255
