112.4092359801933 16.607769634377455 0.20996183433353674 Residue 2
93.14117230577352 17.084114539136916 0.09273830271553948 Residue 3
103.21438492146422 16.877250854642774 0.283763835475462 Residue 5
92.5827722286236 15.999487019543393 0.16968948778047707 Residue 6
93.6204329712526 15.798340554676443 0.10161629469812035 Residue 12
70.34882151552584 16.125572016178044 0.2930878464399633 Residue 13
88.80746750070698 17.559123140965884 0.15882040757149993 Residue 14
81.81837963544355 16.00111156724416 0.1384577267280312 Residue 15
80.88685271903518 16.684067050028272 0.2314890113896395 Residue 16
94.79864040306084 15.663264352516892 0.20666482742065737 Residue 17
61.926614198278074 17.11145269444614 0.17685585151470012 Residue 18
131.54813525553612 19.43700354189384 0.22435038140187777 Residue 20
92.31531725602541 15.578394811568568 0.14735799684501935 Residue 21
94.0703635164667 16.04455076556439 0.16974862335401944 Residue 26
120.8588388160688 16.980757974812803 0.42712862975615873 Residue 28
99.96685245352965 16.522491253394932 0.12949805122140604 Residue 29
118.7841170921858 16.66992934716248 0.18519549974317243 Residue 31
118.36886917642488 17.270911049491726 0.16114487075433856 Residue 32
97.37700767161357 15.996415848009613 0.11510919228446237 Residue 33
110.55642107090648 16.8213666650805 0.21080612845140656 Residue 34
157.47598790890487 21.200142264861864 0.12246233030796538 Residue 35
126.51861045812568 18.230721260512766 0.1221074624703362 Residue 36
103.36195256308547 16.496669261230213 0.1642456455373347 Residue 39
135.0775423824629 20.293629352726438 0.15766869413445092 Residue 40
131.67252285068827 18.286747047166784 0.16323633212454186 Residue 41
64.95147388815765 16.81573184513885 0.23881245352873381 Residue 42
82.95441718933513 16.788861659880684 0.1707940606346323 Residue 44
90.85635008280781 16.046089896479124 0.6163233298320849 Residue 47
68.02097905688464 17.35413639296613 0.20133137426846867 Residue 50
122.10383450775417 17.090171045367427 0.31667217755498467 Residue 51
33.73122420044143 20.777674073032276 0.17144367272972558 Residue 52
32.27532281183365 19.94208530771532 0.08755086393821827 Residue 54
103.05367086620547 17.00241140196712 0.2051219542772208 Residue 55
122.31078968595212 18.23675503582722 0.2819020857127045 Residue 56
123.38821447085544 18.12711488572085 0.10632331328470382 Residue 57
93.9545884477874 16.94335612187085 0.228149184213862 Residue 58
104.7067709002778 15.835459776306369 0.13974030197051146 Residue 61
29.920371334996627 19.784907999061836 0.20231687422978278 Residue 62
148.56956862331296 19.017611673973843 0.2178002005210729 Residue 63
111.68891273725939 17.095761401632735 0.24186212956867306 Residue 64
143.0601093629698 21.179101083391668 0.14963982409083398 Residue 65
77.66892277783732 18.463690548410945 0.15598313156918572 Residue 66
77.91921739082403 15.231648124217918 0.3222182013454398 Residue 69
45.39846190542087 19.61139587130795 0.8785677613387816 Residue 71
110.00037810786523 16.60777002959937 0.2099618404914126 Residue 2
102.37921954733335 17.084114094572374 0.09273829820944475 Residue 3
115.50332258792199 16.877249029311976 0.28376379809888325 Residue 5
80.92122049721252 15.999486697360725 0.1696894829382605 Residue 6
103.91634520324077 15.798339561207474 0.10161628520913049 Residue 12
59.338736456484845 16.12556979176092 0.2930877970130474 Residue 13
99.86537782859796 17.559122696282124 0.15882040215786383 Residue 14
72.52608192516658 16.00111080865169 0.13845771744132254 Residue 15
87.95318444627534 16.684067491023363 0.23148901883834014 Residue 16
92.96490990772031 15.663264436238622 0.20666482882381496 Residue 17
62.56216628360892 17.111452744259765 0.17685585220372485 Residue 18
141.47030935444076 19.437000725514928 0.22435034124601383 Residue 20
94.56655824444903 15.578394805573309 0.14735799676867298 Residue 21
82.96833303329143 16.04455055253067 0.16974862032724414 Residue 26
108.99370426427137 16.98075979301054 0.4271286835047199 Residue 28
88.57294089489642 16.522491510177733 0.12949805418947707 Residue 29
107.45412067135659 16.6699307250747 0.1851955204205744 Residue 31
106.72788851756496 17.270912662665552 0.16114489038300156 Residue 32
85.5447715159083 15.996415905569068 0.1151091928892813 Residue 33
99.08010172882358 16.821367962390163 0.21080614923038593 Residue 34
145.97128055104835 21.200144262727456 0.12246235253859887 Residue 35
125.32621619299233 18.23072141601903 0.12210746417028803 Residue 36
112.33313867131845 16.496668346276476 0.164245633795081 Residue 39
146.63391515427776 20.293626710610912 0.15766866393425616 Residue 40
129.23661557064085 18.286747746813717 0.16323634080875696 Residue 41
74.38943545747651 16.815732875470744 0.23881247300870626 Residue 42
93.69583328566932 16.788861728526566 0.17079406166773975 Residue 44
103.07192283103748 16.04608918700958 0.6163232950521235 Residue 47
79.19384308477073 17.354137602014024 0.20133139539399125 Residue 50
112.80483082770016 17.090172642618843 0.31667221514835125 Residue 51
30.844651762677 20.777673266494524 0.1714436635950288 Residue 52
44.1750159383092 19.942087948883714 0.08755088608604118 Residue 54
92.58804723025791 17.00241202722806 0.2051219643103809 Residue 55
131.98375743190962 18.236753280557192 0.2819020512287017 Residue 56
129.1604472797591 18.127113894756338 0.10632330397002195 Residue 57
102.21280227830525 16.9433557585544 0.22814917811283586 Residue 58
102.88622107497103 15.83546002954234 0.1397403051551837 Residue 61
27.90816046517774 19.78490748186217 0.20231686752950537 Residue 62
136.43174992552997 19.01761476636764 0.217800245007072 Residue 63
118.00644911202774 17.095760598681597 0.24186211457978732 Residue 64
141.44187903612783 21.179101662802058 0.14963983060961822 Residue 65
67.35681565226119 18.463689446657263 0.15598311373712712 Residue 66
86.54337166197604 15.231648521662915 0.32221821187284266 Residue 69
53.15619453584469 19.611398438075273 0.8785678938533269 Residue 71
