63.43514244764468 50.92231645780024 1.4147671285127106 Residue 248
172.13106091091183 60.93252011741702 5.088293356726489 Residue 249
15.923142953747002 134.7050235301087 16.80550076958486 Residue 250
99.15696037896791 105.08610619920675 3.145574983030218 Residue 255
82.89003544881243 74.35276996741828 3.65815780591474 Residue 256
162.1433876343448 127.31895978347261 6.283477370143322 Residue 257
31.4994563155429 114.1658866592502 6.392239516838347 Residue 258
150.32755705244617 89.63522729591212 4.75506820505034 Residue 259
58.754311200700435 71.11285262071793 6.288371510504858 Residue 260
49.674515120736594 95.93920369603991 4.1132631275007085 Residue 261
132.74330887638956 73.0941035466542 3.527486685037587 Residue 262
48.43921368234764 103.09293301718198 8.669636793188163 Residue 263
20.95763562836571 93.6073526717854 7.051604933369465 Residue 264
125.78005847317512 67.55877899047701 3.790107820819029 Residue 265
105.13136034107019 85.2594329283814 6.750054545087087 Residue 266
78.97468280678476 85.18135355685718 7.275375814916093 Residue 267
133.43848129814126 82.5280980211863 4.874680408956142 Residue 268
42.355793618492534 91.4181427409061 6.474719853259245 Residue 269
46.90961598219008 103.94822656994108 9.306952344186376 Residue 271
76.04550364950377 85.37572786069772 7.094346351174307 Residue 272
141.71553726344968 104.84857105162322 6.422240581441318 Residue 273
87.69476080060004 67.66057702386789 2.409206025053178 Residue 276
161.0678209798601 79.16476755439287 2.8215799675287885 Residue 278
30.08697577001938 68.97213607597791 4.16921979294504 Residue 279
150.75027839006333 87.30535072946753 6.434251038348062 Residue 280
65.88831969188473 80.599265101342 6.7930105804165315 Residue 281
137.51657159940817 80.20661229285942 7.983949603602921 Residue 282
76.13691111815648 104.01716422873555 6.33034517657741 Residue 283
104.45516778909067 92.29056605896567 7.395725407545412 Residue 284
94.78218779185794 98.1384898056344 5.2068821631523345 Residue 285
155.9761656101891 60.05748009757981 1.8862958975371806 Residue 286
69.34882218309474 52.45634143672467 1.555135672474171 Residue 288
86.40931382178599 53.53962306838643 1.182137467824849 Residue 289
90.38632926015556 41.87320789489618 0.8497274003491501 Residue 290
45.852243525979404 72.56784169063017 4.592554292299501 Residue 292
114.81989831653563 95.96340395512702 3.640062702845979 Residue 293
63.69565788329648 81.17292504800382 4.6512129107641105 Residue 294
120.87021579154259 90.36421488150943 4.7283263839836795 Residue 295
42.213006098879184 95.86211212379989 10.097706567047396 Residue 296
81.82076697116916 97.67254819453971 6.677524067451555 Residue 297
105.31784125580822 126.61273302569491 10.046171573794826 Residue 299
67.81233814408016 93.59656460954552 4.684114156233449 Residue 302
112.93226156605864 82.79291831163037 3.8267030157378805 Residue 303
37.72738251929226 93.22263295051422 13.37561221784969 Residue 304
143.47945994473912 62.786104605025955 3.9704886923541194 Residue 305
161.43558848387292 85.3084887985485 4.3289643550393775 Residue 307
44.40409859003789 89.28189358695438 6.7893645690622755 Residue 309
136.45362844431702 84.21826006062948 5.555439640001112 Residue 310
98.31178106267342 103.20994543112067 8.778167082585801 Residue 312
101.90727182336583 120.49765673230777 10.653918080130564 Residue 313
122.10745265816979 82.00460449385261 3.551988119577174 Residue 315
116.9302032790566 79.08510306356591 5.652560878048055 Residue 316
50.48986141657192 86.13163716335796 6.410091939753503 Residue 317
11.445500024640872 117.453329090042 7.627932511251221 Residue 319
73.22551421006285 96.81134892724182 2.7761686440718654 Residue 320
36.99684549792128 98.30811906492966 8.650333253786119 Residue 321
89.67740092311664 89.48141138160958 4.847117542475291 Residue 322
73.98378043295152 102.06690944698651 3.867762869530913 Residue 323
159.30855323314987 91.58149289583663 5.659450648693622 Residue 325
28.23351367881406 123.87609823250611 4.735400709232759 Residue 326
117.22314462277562 148.65958480019856 11.083842261369034 Residue 327
97.15867984267337 110.10678909889829 8.001289202477393 Residue 328
56.62454187746621 83.32329150350853 4.942406772895909 Residue 329
133.00989990807363 77.10564968137916 3.7582204910617967 Residue 330
17.52259533039658 83.7119989303659 6.598860475539284 Residue 333
141.6862438887312 98.61375335148999 7.165272380408213 Residue 334
92.16891869391613 111.67228441490712 9.040563763495413 Residue 335
107.46142678044313 55.745627333260785 1.4847066791677932 Residue 336
172.78075361051614 107.95927558685572 7.683629480264223 Residue 337
27.63349192250751 85.49470445305306 3.3311721739930595 Residue 339
128.82211929771833 76.12262238185757 5.555409999305682 Residue 340
118.64603927033592 112.70805234706394 4.367340760482335 Residue 343
59.422934625691305 88.42244561010342 4.463646159318953 Residue 345
159.09377060425618 124.7286822125445 9.51890450825733 Residue 346
161.49494602223183 110.61750030471288 6.544068877413323 Residue 348
74.61076229508264 85.23467611807719 5.7071463811745184 Residue 350
112.74068474626989 50.922320028280964 1.4147672406252798 Residue 248
15.531607583130569 60.932520674664076 5.088293415217792 Residue 249
157.03711004295846 134.70502617051974 16.805501121329986 Residue 250
90.69006472358853 105.08611003747711 3.1455751593240056 Residue 255
87.90685375048928 74.35277312610305 3.6581579889200255 Residue 256
24.622221931492476 127.31896175890759 6.283477514627681 Residue 257
149.56315923500247 114.1658861535912 6.392239476820462 Residue 258
43.1783757850094 89.63522993420382 4.7550684746222736 Residue 259
105.06045582369174 71.1128550994168 6.288371803512185 Residue 260
82.8472222866721 95.93921150689327 4.113263752461051 Residue 261
143.87550920676063 73.09410179097705 3.5274864984814647 Residue 262
134.38516721891028 103.09293179810129 8.669636663189744 Residue 263
163.315017864012 93.60735162524904 7.051604840995886 Residue 264
47.61427656472115 67.55877672998876 3.790107667331996 Residue 265
82.08017950530987 85.25943601276882 6.750054826648516 Residue 266
112.06422533393226 85.18135300085964 7.275375754940031 Residue 267
44.39074868675006 82.52809800146963 4.874680407449632 Residue 268
121.78318543302453 91.41814585381215 6.474720207919956 Residue 269
133.54461789161832 103.94822595029977 9.306952279783172 Residue 271
115.77051308184923 85.37572464225862 7.094346025359208 Residue 272
34.16847458740137 104.84856874431837 6.42224041869043 Residue 273
103.89824926335882 67.66057362223675 2.4092058580964313 Residue 276
20.20530433863255 79.16476812595216 2.82157999226935 Residue 278
153.90289532243588 68.97213522661723 4.169219717667018 Residue 279
38.91799121347774 87.30535375537043 6.434251303257341 Residue 280
123.02000014307164 80.59926079877647 6.793010167983367 Residue 281
50.604457553344886 80.20661451488142 7.983949858068743 Residue 282
105.64611366111565 104.01716395247284 6.330345149529442 Residue 283
90.16127961095981 92.29056915391175 7.395725686465215 Residue 284
84.19689128113261 98.13849206425938 5.20688230071629 Residue 285
115.80347752943267 60.05751033028154 1.886296990052704 Residue 286
144.82760111435945 52.45632083508884 1.555134973590585 Residue 288
108.15464483553221 53.53961823735381 1.182137327246473 Residue 289
82.46303375412924 41.873204552470774 0.8497273064988675 Residue 290
152.181063351998 72.5678332699262 4.592553687453742 Residue 292
46.07063632395853 95.96339387293398 3.6400620947950753 Residue 293
126.86938590336484 81.17291988890847 4.651212540392155 Residue 294
54.70557770512556 90.36421231129047 4.728326183840526 Residue 295
139.76400985093767 95.86211189812714 10.09770652580036 Residue 296
99.96205060262146 97.67254915376971 6.677524155053019 Residue 297
62.90518835501026 126.61272976972093 10.046171268065768 Residue 299
116.28030871719942 93.59656321948196 4.684114063812058 Residue 302
67.0284799180703 82.79291944138764 3.8267030940140474 Residue 303
137.2636147599229 93.22263473604856 13.375612497846086 Residue 304
34.396135733192175 62.78610425021171 3.9704886617599153 Residue 305
15.335129141388027 85.3084883353395 4.3289643208910915 Residue 307
133.1214301519723 89.28189486587219 6.789364696955504 Residue 309
54.78359852630089 84.21826399174023 5.555439985690337 Residue 310
85.75339330855566 103.2099483660431 8.778167363374255 Residue 312
66.58332702432804 120.49765544319966 10.653917947232054 Residue 313
57.25696312999512 82.00460501175765 3.55198815395767 Residue 315
67.57979176895626 79.08510675086346 5.652561180788789 Residue 316
160.75701350057645 86.13162924052081 6.4100911760404475 Residue 317
140.55689187445188 117.45334418280889 7.627933636238052 Residue 319
74.4772482222092 96.81135130177563 2.776168755454233 Residue 320
51.64548074477273 98.30813264367679 8.650334500303222 Residue 321
145.83672365873582 89.48139122342171 4.847116202905491 Residue 322
36.94787487550695 102.0668830354947 3.8677615659569504 Residue 323
9.158502558862526 91.58149046940026 5.659450461320712 Residue 325
146.64908105414656 123.8761026386825 4.735400922692162 Residue 326
60.10668629634238 148.65958376719496 11.083842165994858 Residue 327
82.26919306693853 110.10678912337693 8.001289205550924 Residue 328
116.25055623244853 83.32329275539445 4.942406887639474 Residue 329
43.74057437768857 77.10564857283079 3.758220399055734 Residue 330
163.56831197832122 83.71199855710456 6.598860441143242 Residue 333
43.25029501745602 98.61375623303492 7.165272620071897 Residue 334
80.81745309677696 111.67228403030383 9.040563721438971 Residue 335
69.60559998789124 55.74562623529745 1.4847066464743541 Residue 336
16.250854250493852 107.95927670907987 7.6836295839287745 Residue 337
159.35786213038423 85.49470144196258 3.331172013717715 Residue 339
52.22010109560757 76.12262210882845 5.555409974594391 Residue 340
51.22609413070929 112.70803946917276 4.367340212338832 Residue 343
136.09612483761381 88.4224379864703 4.4636456739162655 Residue 345
41.58926483353092 124.72869317263911 9.518905462853006 Residue 346
27.882699540528588 110.61750246139135 6.544069069865469 Residue 348
131.37775359573624 85.23467044555503 5.707145873427091 Residue 350
