0.0 51.67340941124941
3.673469387755102 51.6000659086499
7.346938775510204 51.382130995700834
11.020408163265307 51.025784537653124
14.693877551020408 50.54097891234091
18.367346938775512 49.94094829812426
22.040816326530614 49.24157862419745
25.714285714285715 48.46068688543986
29.387755102040817 47.61726222858369
33.06122448979592 46.730719619118375
36.734693877551024 45.82021078264049
40.40816326530612 44.904027743886374
44.08163265306123 43.99912313127501
47.755102040816325 43.12075989331966
51.42857142857143 42.28229236096668
55.10204081632653 41.495071512021326
58.775510204081634 40.76846030295445
62.44897959183674 40.109940151293884
66.12244897959184 39.52528694879416
69.79591836734694 39.01879407230925
73.46938775510205 38.59352037176036
77.14285714285714 38.25154268116208
80.81632653061224 37.99419468521565
84.48979591836735 37.82227670845777
88.16326530612245 37.736223974498884
91.83673469387756 37.736223974498884
95.51020408163265 37.822276708457764
99.18367346938776 37.99419468521564
102.85714285714286 38.251542681162086
106.53061224489797 38.59352037176038
110.20408163265306 39.01879407230925
113.87755102040816 39.52528694879416
117.55102040816327 40.10994015129388
121.22448979591837 40.76846030295445
124.89795918367348 41.49507151202134
128.57142857142858 42.282292360966686
132.24489795918367 43.12075989331967
135.91836734693877 43.999123131275
139.59183673469389 44.90402774388637
143.26530612244898 45.82021078264047
146.9387755102041 46.73071961911839
150.6122448979592 47.61726222858371
154.28571428571428 48.460686885439856
157.9591836734694 49.24157862419745
161.6326530612245 49.94094829812426
165.3061224489796 50.540978912340904
168.9795918367347 51.02578453765311
172.6530612244898 51.382130995700834
176.3265306122449 51.600065908649924
180.0 51.67340941124941
