0.0 51.67340941124941
3.673469387755102 51.58557982289598
7.346938775510204 51.32475971160697
11.020408163265307 50.89880788225983
14.693877551020408 50.320345190079266
18.367346938775512 49.60608379893446
22.040816326530614 48.77597197574088
25.714285714285715 47.85222509873597
29.387755102040817 46.85831768252033
33.06122448979592 45.818007329858304
36.734693877551024 44.754451089850775
40.40816326530612 43.68945991014388
44.08163265306123 42.64292010235738
47.755102040816325 41.63239416426857
51.42857142857143 40.67289858684756
55.10204081632653 39.77684446064037
58.775510204081634 38.95411821829751
62.44897959183674 38.21227464884961
66.12244897959184 37.556811999892766
69.79591836734694 36.991498974928255
73.46938775510205 36.51872511859785
77.14285714285714 36.139848893665146
80.81632653061224 35.85552122136126
84.48979591836735 35.66596603204274
88.16326530612245 35.57120322401108
91.83673469387756 35.57120322401108
95.51020408163265 35.66596603204273
99.18367346938776 35.85552122136126
102.85714285714286 36.13984889366513
106.53061224489797 36.51872511859785
110.20408163265306 36.99149897492825
113.87755102040816 37.55681199989279
117.55102040816327 38.212274648849586
121.22448979591837 38.95411821829749
124.89795918367348 39.776844460640376
128.57142857142858 40.67289858684756
132.24489795918367 41.63239416426856
135.91836734693877 42.64292010235739
139.59183673469389 43.68945991014388
143.26530612244898 44.754451089850775
146.9387755102041 45.818007329858276
150.6122448979592 46.85831768252035
154.28571428571428 47.85222509873596
157.9591836734694 48.77597197574087
161.6326530612245 49.60608379893446
165.3061224489796 50.320345190079266
168.9795918367347 50.89880788225982
172.6530612244898 51.324759711606966
176.3265306122449 51.585579822896
180.0 51.67340941124941
