%<residue>	<chainID>	<atom 1>	<atom 2>	<frequency>	<R1>	<R1 error>	<R2>	<R2 error>	<noe> 	<noe error>
248	A	N	H	800	0.916341103	0.019366152	21.86307976	0.369866053	0.338775432	0.016938772
249	A	N	H	800	0.83080696	0.049588715	25.24153515	1.417078242	0.84675755	0.042337877
250	A	N	H	800	0.544530134	0.056766919	35.8233726	2.384829882	0.756654371	0.037832719
255	A	N	H	800	0.65109813	0.014709761	33.10507723	0.618193081	0.667433709	0.033371685
256	A	N	H	800	0.722319916	0.027123864	25.94079202	0.788965142	0.621866103	0.031093305
257	A	N	H	800	0.577517203	0.022095403	36.16708655	1.088420205	0.808622145	0.040431107
258	A	N	H	800	0.618594872	0.027733337	34.82138046	1.12362342	0.820186683	0.041009334
259	A	N	H	800	0.798506387	0.029349783	35.72545692	1.321446974	0.897481616	0.044874081
260	A	N	H	800	0.899762426	0.053841132	32.00942155	2.021195149	0.892095616	0.044604781
261	A	N	H	800	0.720683712	0.022995905	34.2713578	0.939870751	0.848152696	0.042407635
262	A	N	H	800	0.814329772	0.027285894	29.80906225	0.993361911	0.903689692	0.045184485
263	A	N	H	800	0.629461297	0.039684504	32.19375117	1.742097501	0.860940753	0.043047038
264	A	N	H	800	0.734945478	0.038981199	33.75150168	1.757706447	0.765424592	0.03827123
265	A	N	H	800	0.725087017	0.028968132	23.93465556	0.906315369	0.699944651	0.034997233
266	A	N	H	800	0.702020339	0.041834778	29.36452056	1.480237662	0.756967282	0.037848364
267	A	N	H	800	0.806660483	0.051914029	34.15547802	1.855174874	0.859995724	0.042999786
268	A	N	H	800	0.805551729	0.035538525	32.72982852	1.238009193	0.781164264	0.039058213
269	A	N	H	800	0.70687564	0.038022629	32.29526036	1.437096456	0.909163379	0.045458169
271	A	N	H	800	0.708181417	0.046663733	36.26535413	2.142292719	0.806497845	0.040324892
272	A	N	H	800	0.774197666	0.0487064	32.72643834	1.717556714	0.829056968	0.041452848
273	A	N	H	800	0.715794495	0.030646707	36.35949663	1.552749051	0.677254669	0.033862733
276	A	N	H	800	0.790512275	0.019246427	25.99585682	0.64604453	0.6590183	0.03295092
278	A	N	H	800	0.672934147	0.019197212	25.46300152	0.514851777	0.54835823	0.02741791
279	A	N	H	800	0.849210125	0.03591675	29.16291728	1.21277272	0.850805727	0.042540286
280	A	N	H	800	0.668534859	0.038895344	28.68523839	1.248275281	0.772934544	0.038646727
281	A	N	H	800	0.874646261	0.052532244	34.59462173	1.984386709	0.753500933	0.037675047
282	A	N	H	800	0.77211951	0.056319511	30.64073444	2.011367175	0.81735447	0.040867723
283	A	N	H	800	0.647031163	0.030212683	33.4818976	1.261799454	0.883574699	0.044178735
284	A	N	H	800	0.796065168	0.047178753	35.85604623	1.877659811	0.723455386	0.036172769
285	A	N	H	800	0.627716768	0.026204248	29.6418659	0.93481327	0.619488207	0.03097441
286	A	N	H	800	0.763217883	0.018233708	21.63256781	0.417060504	0.41854796	0.020927398
288	A	N	H	800	0.968194525	0.021405091	23.91961383	0.445249861	0.382577646	0.019128882
289	A	N	H	800	0.869225316	0.014628509	22.10658912	0.292918892	0.45070186	0.022535093
290	A	N	H	800	0.998254289	0.015242836	19.97514444	0.243520552	0.452583706	0.022629185
292	A	N	H	800	0.790289916	0.0366578	27.80703408	1.15301253	0.648770789	0.032438539
293	A	N	H	800	0.648536844	0.019966203	30.51037722	0.637130662	0.761795316	0.038089766
294	A	N	H	800	0.709922529	0.031970718	28.25096218	0.957414114	0.746406433	0.037320322
295	A	N	H	800	0.64466913	0.02699567	28.80517075	0.861792664	0.823849573	0.041192479
296	A	N	H	800	0.70553859	0.056596769	34.01152034	2.2547266	0.962724407	0.04813622
297	A	N	H	800	0.712234229	0.038037469	34.444506	1.418396936	0.841190908	0.042059545
299	A	N	H	800	0.576449933	0.035598087	35.84946089	1.739109116	0.797272117	0.039863606
302	A	N	H	800	0.716275342	0.027161711	32.83118254	1.031847112	0.751382096	0.037569105
303	A	N	H	800	0.763380397	0.026079549	31.16183675	0.930006938	0.793052396	0.03965262
304	A	N	H	800	0.649446069	0.067108706	29.97356905	2.910770213	0.836326542	0.041816327
305	A	N	H	800	0.851830686	0.035904905	26.59167116	1.208735264	0.828015014	0.041400751
307	A	N	H	800	0.755617029	0.027383513	31.81816483	1.090032091	0.804846631	0.040242332
309	A	N	H	800	0.697539421	0.040015739	30.92763135	1.493193855	0.856865373	0.042843269
310	A	N	H	800	0.745428454	0.036313746	31.09207959	1.335579259	0.830025449	0.041501272
312	A	N	H	800	0.66167682	0.043359956	33.39068748	1.757539166	0.747136197	0.03735681
313	A	N	H	800	0.564915166	0.040108808	33.5071119	1.713792978	0.810782801	0.04053914
315	A	N	H	800	0.695599003	0.022615808	28.09654469	0.767926728	0.784280039	0.039214002
316	A	N	H	800	0.712801555	0.039721424	27.53736999	1.183560014	0.715886185	0.035794309
317	A	N	H	800	0.664448279	0.038663963	28.38469282	1.267292661	0.843476109	0.042173805
319	A	N	H	800	0.530301434	0.028038979	30.21330365	1.100211301	0.695257915	0.034762896
320	A	N	H	800	0.677079814	0.014512509	31.80844262	0.573784968	0.683368518	0.034168426
321	A	N	H	800	0.603161921	0.0412294	27.9811347	1.50324769	0.471964783	0.023598239
322	A	N	H	800	0.752869212	0.032984789	32.83395664	0.998691826	0.710210258	0.035510513
323	A	N	H	800	0.603433888	0.018523059	29.71832908	0.627731471	0.644017218	0.032200861
325	A	N	H	800	0.698999555	0.032916215	31.43011691	1.213568838	0.769499388	0.038474969
326	A	N	H	800	0.503357535	0.015982273	29.96022514	0.607420047	0.62595934	0.031297967
327	A	N	H	800	0.520713267	0.031295608	38.08979432	1.634844459	0.820629865	0.041031493
328	A	N	H	800	0.636911186	0.035258061	35.05746978	1.601202529	0.926314701	0.046315735
329	A	N	H	800	0.664318519	0.030039299	27.5434863	1.015182002	0.866111639	0.043305582
330	A	N	H	800	0.832738599	0.028455255	31.92457917	1.066861882	0.851989535	0.042599477
333	A	N	H	800	0.806012703	0.046695165	33.1787789	1.717643591	0.773214378	0.038660719
334	A	N	H	800	0.692787067	0.038342618	33.31863798	1.520524149	0.723643859	0.036182193
335	A	N	H	800	0.613705535	0.039366584	34.06980705	1.630094643	0.883123875	0.044156194
336	A	N	H	800	0.706521757	0.015137589	18.35576035	0.270488201	0.31343137	0.01567157
337	A	N	H	800	0.664609596	0.034637735	35.46846015	1.673031354	0.83622056	0.041811028
339	A	N	H	800	0.734447445	0.021699647	30.53026143	0.740428116	0.687378888	0.034368944
340	A	N	H	800	0.833593066	0.042849056	31.378012	1.573454669	0.807450899	0.040372545
343	A	N	H	800	0.56076687	0.018032959	29.60657495	0.613458389	0.427893382	0.021394669
345	A	N	H	800	0.608390992	0.023566593	26.23187843	0.815496126	0.712926484	0.035646324
346	A	N	H	800	0.552552184	0.033391719	33.61335958	1.522561802	0.741330482	0.037066524
348	A	N	H	800	0.671789281	0.030159858	36.83229951	1.373310535	0.858960432	0.042948022
350	A	N	H	800	0.680135134	0.0351689	28.72615041	1.17548057	0.835319693	0.041765985
248	B	N	H	800	0.916341103	0.019366152	21.86307976	0.369866053	0.338775432	0.016938772
249	B	N	H	800	0.83080696	0.049588715	25.24153515	1.417078242	0.84675755	0.042337877
250	B	N	H	800	0.544530134	0.056766919	35.8233726	2.384829882	0.756654371	0.037832719
255	B	N	H	800	0.65109813	0.014709761	33.10507723	0.618193081	0.667433709	0.033371685
256	B	N	H	800	0.722319916	0.027123864	25.94079202	0.788965142	0.621866103	0.031093305
257	B	N	H	800	0.577517203	0.022095403	36.16708655	1.088420205	0.808622145	0.040431107
258	B	N	H	800	0.618594872	0.027733337	34.82138046	1.12362342	0.820186683	0.041009334
259	B	N	H	800	0.798506387	0.029349783	35.72545692	1.321446974	0.897481616	0.044874081
260	B	N	H	800	0.899762426	0.053841132	32.00942155	2.021195149	0.892095616	0.044604781
261	B	N	H	800	0.720683712	0.022995905	34.2713578	0.939870751	0.848152696	0.042407635
262	B	N	H	800	0.814329772	0.027285894	29.80906225	0.993361911	0.903689692	0.045184485
263	B	N	H	800	0.629461297	0.039684504	32.19375117	1.742097501	0.860940753	0.043047038
264	B	N	H	800	0.734945478	0.038981199	33.75150168	1.757706447	0.765424592	0.03827123
265	B	N	H	800	0.725087017	0.028968132	23.93465556	0.906315369	0.699944651	0.034997233
266	B	N	H	800	0.702020339	0.041834778	29.36452056	1.480237662	0.756967282	0.037848364
267	B	N	H	800	0.806660483	0.051914029	34.15547802	1.855174874	0.859995724	0.042999786
268	B	N	H	800	0.805551729	0.035538525	32.72982852	1.238009193	0.781164264	0.039058213
269	B	N	H	800	0.70687564	0.038022629	32.29526036	1.437096456	0.909163379	0.045458169
271	B	N	H	800	0.708181417	0.046663733	36.26535413	2.142292719	0.806497845	0.040324892
272	B	N	H	800	0.774197666	0.0487064	32.72643834	1.717556714	0.829056968	0.041452848
273	B	N	H	800	0.715794495	0.030646707	36.35949663	1.552749051	0.677254669	0.033862733
276	B	N	H	800	0.790512275	0.019246427	25.99585682	0.64604453	0.6590183	0.03295092
278	B	N	H	800	0.672934147	0.019197212	25.46300152	0.514851777	0.54835823	0.02741791
279	B	N	H	800	0.849210125	0.03591675	29.16291728	1.21277272	0.850805727	0.042540286
280	B	N	H	800	0.668534859	0.038895344	28.68523839	1.248275281	0.772934544	0.038646727
281	B	N	H	800	0.874646261	0.052532244	34.59462173	1.984386709	0.753500933	0.037675047
282	B	N	H	800	0.77211951	0.056319511	30.64073444	2.011367175	0.81735447	0.040867723
283	B	N	H	800	0.647031163	0.030212683	33.4818976	1.261799454	0.883574699	0.044178735
284	B	N	H	800	0.796065168	0.047178753	35.85604623	1.877659811	0.723455386	0.036172769
285	B	N	H	800	0.627716768	0.026204248	29.6418659	0.93481327	0.619488207	0.03097441
286	B	N	H	800	0.763217883	0.018233708	21.63256781	0.417060504	0.41854796	0.020927398
288	B	N	H	800	0.968194525	0.021405091	23.91961383	0.445249861	0.382577646	0.019128882
289	B	N	H	800	0.869225316	0.014628509	22.10658912	0.292918892	0.45070186	0.022535093
290	B	N	H	800	0.998254289	0.015242836	19.97514444	0.243520552	0.452583706	0.022629185
292	B	N	H	800	0.790289916	0.0366578	27.80703408	1.15301253	0.648770789	0.032438539
293	B	N	H	800	0.648536844	0.019966203	30.51037722	0.637130662	0.761795316	0.038089766
294	B	N	H	800	0.709922529	0.031970718	28.25096218	0.957414114	0.746406433	0.037320322
295	B	N	H	800	0.64466913	0.02699567	28.80517075	0.861792664	0.823849573	0.041192479
296	B	N	H	800	0.70553859	0.056596769	34.01152034	2.2547266	0.962724407	0.04813622
297	B	N	H	800	0.712234229	0.038037469	34.444506	1.418396936	0.841190908	0.042059545
299	B	N	H	800	0.576449933	0.035598087	35.84946089	1.739109116	0.797272117	0.039863606
302	B	N	H	800	0.716275342	0.027161711	32.83118254	1.031847112	0.751382096	0.037569105
303	B	N	H	800	0.763380397	0.026079549	31.16183675	0.930006938	0.793052396	0.03965262
304	B	N	H	800	0.649446069	0.067108706	29.97356905	2.910770213	0.836326542	0.041816327
305	B	N	H	800	0.851830686	0.035904905	26.59167116	1.208735264	0.828015014	0.041400751
307	B	N	H	800	0.755617029	0.027383513	31.81816483	1.090032091	0.804846631	0.040242332
309	B	N	H	800	0.697539421	0.040015739	30.92763135	1.493193855	0.856865373	0.042843269
310	B	N	H	800	0.745428454	0.036313746	31.09207959	1.335579259	0.830025449	0.041501272
312	B	N	H	800	0.66167682	0.043359956	33.39068748	1.757539166	0.747136197	0.03735681
313	B	N	H	800	0.564915166	0.040108808	33.5071119	1.713792978	0.810782801	0.04053914
315	B	N	H	800	0.695599003	0.022615808	28.09654469	0.767926728	0.784280039	0.039214002
316	B	N	H	800	0.712801555	0.039721424	27.53736999	1.183560014	0.715886185	0.035794309
317	B	N	H	800	0.664448279	0.038663963	28.38469282	1.267292661	0.843476109	0.042173805
319	B	N	H	800	0.530301434	0.028038979	30.21330365	1.100211301	0.695257915	0.034762896
320	B	N	H	800	0.677079814	0.014512509	31.80844262	0.573784968	0.683368518	0.034168426
321	B	N	H	800	0.603161921	0.0412294	27.9811347	1.50324769	0.471964783	0.023598239
322	B	N	H	800	0.752869212	0.032984789	32.83395664	0.998691826	0.710210258	0.035510513
323	B	N	H	800	0.603433888	0.018523059	29.71832908	0.627731471	0.644017218	0.032200861
325	B	N	H	800	0.698999555	0.032916215	31.43011691	1.213568838	0.769499388	0.038474969
326	B	N	H	800	0.503357535	0.015982273	29.96022514	0.607420047	0.62595934	0.031297967
327	B	N	H	800	0.520713267	0.031295608	38.08979432	1.634844459	0.820629865	0.041031493
328	B	N	H	800	0.636911186	0.035258061	35.05746978	1.601202529	0.926314701	0.046315735
329	B	N	H	800	0.664318519	0.030039299	27.5434863	1.015182002	0.866111639	0.043305582
330	B	N	H	800	0.832738599	0.028455255	31.92457917	1.066861882	0.851989535	0.042599477
333	B	N	H	800	0.806012703	0.046695165	33.1787789	1.717643591	0.773214378	0.038660719
334	B	N	H	800	0.692787067	0.038342618	33.31863798	1.520524149	0.723643859	0.036182193
335	B	N	H	800	0.613705535	0.039366584	34.06980705	1.630094643	0.883123875	0.044156194
336	B	N	H	800	0.706521757	0.015137589	18.35576035	0.270488201	0.31343137	0.01567157
337	B	N	H	800	0.664609596	0.034637735	35.46846015	1.673031354	0.83622056	0.041811028
339	B	N	H	800	0.734447445	0.021699647	30.53026143	0.740428116	0.687378888	0.034368944
340	B	N	H	800	0.833593066	0.042849056	31.378012	1.573454669	0.807450899	0.040372545
343	B	N	H	800	0.56076687	0.018032959	29.60657495	0.613458389	0.427893382	0.021394669
345	B	N	H	800	0.608390992	0.023566593	26.23187843	0.815496126	0.712926484	0.035646324
346	B	N	H	800	0.552552184	0.033391719	33.61335958	1.522561802	0.741330482	0.037066524
348	B	N	H	800	0.671789281	0.030159858	36.83229951	1.373310535	0.858960432	0.042948022
350	B	N	H	800	0.680135134	0.0351689	28.72615041	1.17548057	0.835319693	0.041765985
