0.0 4.069379117006375
3.673469387755102 4.065434927317865
7.346938775510204 4.053713417911808
11.020408163265307 4.034542213069931
14.693877551020408 4.008449304085796
18.367346938775512 3.976137548096095
22.040816326530614 3.9384519067134365
25.714285714285715 3.89634192534278
29.387755102040817 3.8508221305974404
33.06122448979592 3.8029329290523397
36.734693877551024 3.75370427290654
40.40816326530612 3.7041238870195263
44.08163265306123 3.6551113040425527
47.755102040816325 3.6074983995746006
51.42857142857143 3.5620166105087803
55.10204081632653 3.5192905898102156
58.775510204081634 3.479837713537635
62.44897959183674 3.4440726098899934
66.12244897959184 3.4123157154113564
69.79591836734694 3.384804766946298
73.46938775510205 3.3617080973150157
77.14285714285714 3.3431386093429527
80.81632653061224 3.329167352308711
84.48979591836735 3.319835715606155
88.16326530612245 3.3151653860378496
91.83673469387756 3.3151653860378496
95.51020408163265 3.319835715606155
99.18367346938776 3.3291673523087106
102.85714285714286 3.343138609342952
106.53061224489797 3.361708097315017
110.20408163265306 3.3848047669462975
113.87755102040816 3.4123157154113564
117.55102040816327 3.444072609889992
121.22448979591837 3.479837713537635
124.89795918367348 3.5192905898102165
128.57142857142858 3.5620166105087794
132.24489795918367 3.6074983995746015
135.91836734693877 3.6551113040425527
139.59183673469389 3.7041238870195277
143.26530612244898 3.753704272906541
146.9387755102041 3.80293292905234
150.6122448979592 3.8508221305974413
154.28571428571428 3.896341925342779
157.9591836734694 3.9384519067134365
161.6326530612245 3.976137548096095
165.3061224489796 4.008449304085797
168.9795918367347 4.0345422130699315
172.6530612244898 4.0537134179118075
176.3265306122449 4.065434927317865
180.0 4.069379117006375
