0.0 4.069379117006375
3.673469387755102 4.065873116857057
7.346938775510204 4.055450456777928
11.020408163265307 4.038392611654951
14.693877551020408 4.01515391525742
18.367346938775512 3.9863406001350112
22.040816326530614 3.9526837553716163
25.714285714285715 3.9150081786771076
29.387755102040817 3.87419926186421
33.06122448979592 3.8311700034654295
36.734693877551024 3.7868300201473115
40.40816326530612 3.7420580787221844
44.08163265306123 3.6976792489143673
47.755102040816325 3.654447336435826
51.42857142857143 3.613032838879132
55.10204081632653 3.5740163021736366
58.775510204081634 3.537886657806535
62.44897959183674 3.505043894314574
66.12244897959184 3.475805256819657
69.79591836734694 3.4504140681311375
73.46938775510205 3.429050216280482
77.14285714285714 3.4118413499665134
80.81632653061224 3.3988738611565443
84.48979591836735 3.390202810611602
88.16326530612245 3.385860065479692
91.83673469387756 3.385860065479692
95.51020408163265 3.3902028106116022
99.18367346938776 3.3988738611565443
102.85714285714286 3.4118413499665134
106.53061224489797 3.4290502162804817
110.20408163265306 3.450414068131137
113.87755102040816 3.4758052568196574
117.55102040816327 3.505043894314574
121.22448979591837 3.537886657806535
124.89795918367348 3.574016302173636
128.57142857142858 3.613032838879132
132.24489795918367 3.654447336435825
135.91836734693877 3.697679248914366
139.59183673469389 3.7420580787221835
143.26530612244898 3.7868300201473115
146.9387755102041 3.8311700034654317
150.6122448979592 3.87419926186421
154.28571428571428 3.9150081786771076
157.9591836734694 3.952683755371617
161.6326530612245 3.9863406001350112
165.3061224489796 4.015153915257421
168.9795918367347 4.038392611654952
172.6530612244898 4.055450456777927
176.3265306122449 4.065873116857058
180.0 4.069379117006375
