%<residue><chainID><atom1><atom	2><frequency><R1><R1	errors><R2><R2	errors><NOE><NOE	errors>					
248	A	N	H	800	0.996953371	0.019283489	22.03028367	0.435111582	0.285479058	0.014273953
249	A	N	H	800	0.941354774	0.035332053	28.60266021	1.084116286	0.700269192	0.03501346
250	A	N	H	800	0.733392629	0.053445774	32.82497893	2.653275679	0.933568494	0.046678425
252	A	N	H	800	0.844863536	0.027312702	27.65765647	0.967373931	0.896385227	0.044819261
254	A	N	H	800	0.701172876	0.015983707	28.76543257	0.640351776	0.807215645	0.040360782
256	A	N	H	800	0.713350838	0.027275313	26.17914822	0.854466583	0.637529049	0.031876452
257	A	N	H	800	0.696015649	0.020897744	33.83878945	1.158118816	0.859569244	0.042978462
258	A	N	H	800	0.760939954	0.027046024	28.85659006	1.114202998	0.789055907	0.039452795
260	A	N	H	800	0.884538522	0.057493434	24.41795717	1.827517236	0.700424902	0.035021245
261	A	N	H	800	0.857978887	0.025311344	34.84589822	1.440099182	0.868664835	0.043433242
262	A	N	H	800	0.915896115	0.032216582	28.74419186	1.299676715	0.777643908	0.038882195
263	A	N	H	800	0.831877923	0.042331998	31.12305128	1.966025668	0.817625147	0.040881257
264	A	N	H	800	0.785626123	0.036708679	35.66121755	2.204292895	0.714429611	0.035721481
265	A	N	H	800	0.750748286	0.026437143	26.03492751	1.20653562	0.719713549	0.035985677
266	A	N	H	800	0.836483187	0.037506511	28.77382251	1.650017052	0.812908812	0.040645441
268	A	N	H	800	0.842136904	0.041130639	27.91717051	1.268251164	0.639799269	0.031989963
269	A	N	H	800	0.856195202	0.040211003	31.74894529	1.878373002	0.844103741	0.042205187
270	A	N	H	800	0.786815486	0.02519134	24.14267468	0.950979611	0.709602575	0.035480129
271	A	N	H	800	0.770497375	0.04515202	33.8767427	2.261141694	0.732102489	0.036605124
272	A	N	H	800	0.87936037	0.046196154	30.05692402	2.573020665	0.734986751	0.036749338
276	A	N	H	800	0.872019124	0.017719311	22.35377102	0.739921763	0.64157734	0.032078867
278	A	N	H	800	0.818457293	0.019750703	24.39366976	0.562290116	0.597328998	0.02986645
279	A	N	H	800	0.899926475	0.037867434	27.68114341	1.434647484	0.893125969	0.044656298
280	A	N	H	800	0.87492754	0.040671261	29.74436218	1.551432839	0.796703197	0.03983516
282	A	N	H	800	0.866806943	0.049366019	29.98862859	2.031676936	0.754862995	0.03774315
283	A	N	H	800	0.761349988	0.033357482	31.51543579	1.542613734	0.835053599	0.04175268
284	A	N	H	800	0.793559755	0.045923821	32.64653979	2.358172296	0.741828431	0.037091422
285	A	N	H	800	0.755661842	0.020664292	29.68057282	0.879067077	0.687730985	0.034386549
288	A	N	H	800	0.982530784	0.020858308	22.66146433	0.500414503	0.351747961	0.017587398
289	A	N	H	800	0.951552231	0.016415335	20.17765558	0.349375754	0.490016178	0.024500809
290	A	N	H	800	1.127457309	0.015221161	17.90967671	0.285254783	0.428753433	0.021437672
291	A	N	H	800	0.79066939	0.011455586	23.37091117	0.357208354	0.505833504	0.025291675
292	A	N	H	800	0.865125745	0.031092317	24.86087037	1.145763917	0.633204323	0.031660216
293	A	N	H	800	0.767496302	0.019972747	30.77096489	0.870549957	0.732565653	0.036628283
294	A	N	H	800	0.880031845	0.040597506	26.3603811	1.275944236	0.850310329	0.042515516
295	A	N	H	800	0.730899423	0.028519552	27.8478946	1.092381436	0.75556915	0.037778458
296	A	N	H	800	0.856059107	0.058328324	30.50054254	2.855617563	0.878832925	0.043941646
297	A	N	H	800	0.826163609	0.039095443	32.04655611	1.742404322	0.845644729	0.042282236
299	A	N	H	800	0.698618659	0.032397454	32.2494152	1.701774155	0.835995077	0.041799754
301	A	N	H	800	0.890333034	0.0245427	27.46830394	0.86520578	0.739831909	0.036991595
302	A	N	H	800	0.794851285	0.022866428	29.67832343	0.951448385	0.744957788	0.037247889
303	A	N	H	800	0.803338114	0.024377445	29.97474461	0.992864759	0.721810532	0.036090527
306	A	N	H	800	0.818995594	0.043856401	26.2078894	1.920437149	0.708317991	0.0354159
308	A	N	H	800	0.848070626	0.019803176	32.7061525	0.781243695	0.819688139	0.040984407
309	A	N	H	800	0.793822831	0.034180731	29.15024251	1.450848628	1.009311932	0.050465597
310	A	N	H	800	0.851580229	0.041621909	27.47130715	1.663248203	0.783174892	0.039158745
311	A	N	H	800	0.843109122	0.016939904	28.04203942	0.604509139	0.849033119	0.042451656
312	A	N	H	800	0.861809357	0.043022043	31.71330951	1.923251915	0.969393169	0.048469658
313	A	N	H	800	0.748719055	0.039829737	30.8164433	1.885151724	0.897167653	0.044858383
315	A	N	H	800	0.794028383	0.020218902	26.97499246	0.677211856	0.797361179	0.039868059
316	A	N	H	800	0.76220932	0.038305688	31.73079678	2.063091549	0.858414916	0.042920746
319	A	N	H	800	0.676897218	0.026078893	28.17421597	1.072642243	0.603200887	0.030160044
320	A	N	H	800	0.746827475	0.020868354	32.50259927	1.096833135	0.735882355	0.036794118
321	A	N	H	800	0.637026367	0.043079858	31.4836374	2.091705006	0.558680291	0.027934015
322	A	N	H	800	0.827995188	0.037334991	30.55988564	1.555599594	0.737753713	0.036887686
323	A	N	H	800	0.735357211	0.020968455	28.85712674	0.774911584	0.646502128	0.032325106
325	A	N	H	800	0.717346157	0.03852231	31.06258267	1.657380056	0.612257522	0.030612876
326	A	N	H	800	0.556263642	0.01689547	29.36730619	0.798819609	0.638210544	0.031910527
327	A	N	H	800	0.657633796	0.032487442	37.43134115	2.102735605	0.843840065	0.042192003
328	A	N	H	800	0.809088426	0.038935283	32.91365939	1.763830397	0.839800817	0.041990041
329	A	N	H	800	0.863723152	0.034607078	28.13294702	1.264541862	0.828792508	0.041439625
333	A	N	H	800	0.855695671	0.048933152	30.48009741	2.111459762	0.87540259	0.043770129
334	A	N	H	800	0.743183126	0.038013591	33.0827504	2.07605157	0.699471178	0.034973559
335	A	N	H	800	0.780418193	0.03920939	30.67259628	1.906223677	0.677192123	0.033859606
336	A	N	H	800	0.81813418	0.018583972	19.24343525	0.447950214	0.274903063	0.013745153
338	A	N	H	800	0.860269478	0.017436055	34.92638381	0.906659008	0.829823889	0.041491194
339	A	N	H	800	0.843730348	0.02205628	26.95855345	0.806067483	0.717626672	0.035881334
340	A	N	H	800	0.863650571	0.044167588	31.95038189	1.985704916	0.583572124	0.029178606
343	A	N	H	800	0.674795527	0.018626012	27.18342797	0.667234552	0.455854116	0.022792706
345	A	N	H	800	0.662222072	0.028990907	30.05165918	1.385237992	0.727148759	0.036357438
346	A	N	H	800	0.669361315	0.030298217	32.29460073	1.748874305	0.779616215	0.038980811
348	A	N	H	800	0.789798981	0.037532551	35.04563251	2.068519536	0.876307362	0.043815368
350	A	N	H	800	0.742748852	0.038250885	29.37281767	1.660249384	0.848921179	0.042446059
