[-0.3981420459940482, -0.05410648317355139, 0.915726705786319]
[0.13595415828967927, -0.6654598274178919, -0.7339480124209713]
[0.277100361268995, 0.8261695956353399, 0.4905702692095512]
[-0.40499859840602676, -0.8856787530798714, -0.22704466880338328]
[0.5412580683251988, 0.7332514963349074, 0.4115603802548218]
[-0.12244840585533234, 0.7428536621890338, 0.6581601814724352]
[-0.5920830762243962, 0.14802076905609904, 0.7921663226726422]
[0.2931449654654027, -0.856963853747299, -0.42388557724091747]
[0.800331794713445, 0.5195495773619833, 0.29922776447672955]
[0.7042906628802015, 0.3276482649051535, 0.6297787521696877]
[0.41998310392752053, 0.6473040558106342, 0.6360909146863434]
[0.6739913641588912, 0.6627751689913441, 0.32628931396497224]
[0.5933608248565495, 0.3769466883934717, 0.7112201667801259]
[0.49826173970858395, 0.6830678357890084, 0.5339977251385024]
[0.8244087990333187, 0.43052459505072194, 0.3674216993222541]
[0.5822345141663381, -0.29315304209772747, 0.7583299179264499]
[0.16963365079061957, -0.7862062617481653, -0.5942256629492044]
[0.016332024293236047, -0.9931912273325146, 0.1153449215709932]
[0.9054114277439077, -0.417019452643306, -0.0795293821666949]
[0.9888301082139073, 0.11825184799258649, -0.09072771095983252]
[-0.7819335485707428, -0.5930853677801567, -0.19191058372232117]
[-0.2682651198238326, -0.7648627652992412, 0.5856780478596604]
[0.32607851040095515, 0.9415516987827531, -0.0845766136352477]
[-0.8339195766947083, -0.40674018569177833, -0.37301549692839336]
[0.06160579892832615, 0.6448073621165442, -0.7618583800803838]
[-0.7494842691837413, 0.14522527167110805, -0.6458970124672866]
[0.4755941455208242, 0.607533166536271, 0.6361710935783933]
[0.22668572409919885, -0.9311395662550209, -0.2856443429232117]
[0.5367740504508199, -0.7701987812024165, -0.3444814308448756]
[0.20408426359788098, -0.6406824394540409, -0.7401862097654414]
[-0.025504959692102147, -0.9416431118322623, -0.3356452695480122]
[0.9578858550419647, -0.28233505909598017, -0.052360320050525745]
[0.8636304166926491, -0.1712985950464828, -0.47413003986077745]
[-0.672952972136774, 0.730138657174196, -0.11845606186322506]
[0.5745865621513149, -0.14415783854685216, 0.8056480622335244]
[0.45776639506221345, -0.7167255584158865, -0.5260745208287332]
[0.8171586625409161, -0.5740539604349979, 0.05209386473698329]
[-0.06445597163981583, 0.8184885287595126, 0.5708957488097591]
[-0.16863568484995062, -0.9596903519642671, -0.22484757979993766]
[0.7743144511126262, 0.5779229390734877, 0.25776385955136194]
[-0.9413601070147455, -0.3280961936500873, 0.07870220221513033]
[-0.8800608114948871, 0.4717535280222628, 0.05423630582468612]
