66.77005950066903 14.722831943901424 0.3923817304431021 Residue 2
135.92808616978567 16.418838180881767 0.3673873147623871 Residue 3
31.687539462965052 18.23200903280055 0.3844634982472791 Residue 4
139.77254145315354 17.170085092372652 0.5452164279156584 Residue 5
24.840278646487736 19.219182504053702 0.659296016350732 Residue 6
45.14651447130704 17.007398864763598 0.5987289513394153 Residue 15
73.6678958253027 14.699629069103118 0.4097319453926042 Residue 17
119.37054910271019 14.989047976399165 0.3958738597399999 Residue 22
27.50595629962986 17.892863528414267 0.24606675160014016 Residue 27
10.171390561288254 19.01939694362689 0.6582037333369705 Residue 28
16.229886608334603 19.816118985516525 0.6401892165457894 Residue 29
26.64303465648235 18.308843711083156 0.3932320295541884 Residue 30
2.756087307755184 20.068414075838625 0.284455971979064 Residue 32
18.548893830579907 19.040897855420855 0.1997981253559645 Residue 33
24.298186255522207 18.5440317138571 0.41416090688562457 Residue 34
41.891349423295026 16.410153062852586 0.3707108484890434 Residue 35
130.65074327899686 15.093734329043212 0.28938036475824974 Residue 39
109.04146592594844 15.135756559596992 0.41899870749141827 Residue 40
73.30771420591311 13.941246505627158 0.2508109479574205 Residue 41
56.51272920085955 15.900975225566757 0.6176320961197281 Residue 43
146.2738399541459 17.23762195344371 0.32329826363573305 Residue 44
93.55628465242197 15.402994652288477 0.9360364893608119 Residue 48
58.516323278825574 14.142201648694792 0.28064851574154104 Residue 49
155.61867419675306 18.215118122522316 0.4196063717957884 Residue 50
103.34163552722605 15.578830590648296 0.3238735949036075 Residue 52
145.3901551464552 17.223292933492615 0.21240693600679378 Residue 54
12.749202971283209 19.205502365198715 0.4875503093124311 Residue 55
117.53263929921108 14.70821055609045 0.3902094440469499 Residue 56
104.98990566243056 14.697694486807949 0.23792305199131997 Residue 57
132.3349092340892 15.827208653017856 0.2019768453927782 Residue 58
130.25890235770154 16.22184506848738 0.33366514168095646 Residue 59
66.86274966613462 14.994558646111635 0.21187758286993197 Residue 60
84.92326187008787 14.504756105619215 0.20179451130073645 Residue 61
99.33514751526373 13.640736916246752 0.6270521829060788 Residue 62
33.2903544501996 17.12655761852107 0.27234182579706934 Residue 63
114.16372457506301 14.63594618552135 0.26831111180628087 Residue 64
74.72095227349908 14.196725687479658 0.3705066909978833 Residue 65
44.865230006776216 16.492974749486535 0.5135787067810995 Residue 66
131.12490060832667 16.61108710921696 0.35379627183070084 Residue 67
29.84641967159215 18.36326487493035 0.3716148902435319 Residue 68
128.39817609955549 15.375143243793246 0.2329347921593388 Residue 69
105.51938467016127 15.531578115901764 0.2992701961078421 Residue 71
