77.44039427397139 47.42133325999031 1.3465354296280652 Residue 248
162.9902987765575 62.09917630913511 3.3813184269565495 Residue 249
30.65332529160611 89.26040656487379 9.838974704695742 Residue 250
137.47295626884488 65.32023574866551 3.181594784429547 Residue 252
139.42547663376544 83.05998566122615 2.7142268051120166 Residue 254
71.60060256509233 75.84664650045144 3.8804532785713644 Residue 256
146.47323139753385 97.96537248340734 4.539242274983438 Residue 257
47.217585416474016 76.87934616614741 4.108256400670927 Residue 258
55.178501006575075 56.32016216331545 5.694531162413263 Residue 260
54.063846486842024 81.57280068127727 4.21858951297004 Residue 261
128.43989926529457 63.536393456206454 3.713572256091486 Residue 262
33.456046085269264 75.55457733288561 6.225802270829439 Residue 263
35.948232296147516 93.12647631906962 7.311330313471498 Residue 264
121.30319081584726 70.84673113025741 4.198576051410734 Residue 265
115.56776080197139 69.42515573999195 5.142302632772091 Residue 266
144.49373501994748 68.38782921159596 4.642744921641952 Residue 268
39.969142496699725 74.62205816975803 5.729157147390488 Residue 269
162.3259914032076 62.64565403943727 3.2469233537567797 Residue 270
62.29318515788904 89.96284263398704 8.096119230668746 Residue 271
61.2419612079352 69.67536613061392 7.112349508885325 Residue 272
79.53413935992934 52.62519843377 2.0976552306088303 Residue 276
145.53382516041853 61.71982610443177 2.110216730062402 Residue 278
20.29643565448105 61.33920345910163 4.1777322399401955 Residue 279
161.08583378793438 68.74424093606522 4.888735328927257 Residue 280
153.1938435519563 70.35532366242103 6.329599852889825 Residue 282
60.918244258180486 83.51806985771375 5.572610678282628 Residue 283
118.11042551253314 84.00194953267986 7.883259886701344 Residue 284
79.43575008772471 80.71919139447695 3.31697255161637 Residue 285
60.59607724998234 49.10082934647844 1.5438754463692201 Residue 288
77.49484714348776 44.21952865595265 1.117524341506778 Residue 289
100.463549111685 33.1134658465407 0.7213340918294322 Residue 290
65.31399502431938 61.948932185179466 1.3445158854004222 Residue 291
33.37738949288742 59.18963354470356 3.5311968993310057 Residue 292
127.14272404040054 81.93628018703531 3.2141159142163214 Residue 293
48.96676631261444 60.0322573848944 4.0961811825547905 Residue 294
133.18953280239757 77.58121577821773 4.367381197507452 Residue 295
35.12179125881409 71.34181018501577 8.389338358337122 Residue 296
76.46813938775011 78.09181475351865 5.7190688284165345 Residue 297
91.6614471302167 93.24534465864129 6.642193556256134 Residue 299
122.25289290703518 62.747294277058145 2.687592240267106 Residue 301
83.10251723012766 76.11175113374732 3.3442524763095087 Residue 302
125.57611831190681 76.28803963202233 3.4931663330136007 Residue 303
142.48994657962328 65.38909808957634 6.038874324403948 Residue 306
134.6025294116343 77.89315981784695 2.668389969866478 Residue 308
36.87415492845695 72.3582016791596 4.849329966726048 Residue 309
138.32696178738945 65.29165730628122 5.172510503033561 Residue 310
38.16251971879258 66.78370790373121 2.031040413780664 Residue 311
108.49280030974796 72.87675641158378 5.82045269074332 Residue 312
89.9329469787433 82.38135841736846 6.777792875024672 Residue 313
132.4527652683653 68.68907291706932 2.5183591917913444 Residue 315
107.49364927647986 83.74898526736199 6.982170352113722 Residue 316
26.384880912521467 86.55918743561655 4.760090741131852 Residue 319
88.94127630465933 88.99478473054384 3.968457874408008 Residue 320
39.71647780093939 103.59604265753057 9.933042826119342 Residue 321
103.43138390247226 75.29351825812178 5.204671385010467 Residue 322
74.86460475211318 81.08270113312693 3.2366261764414657 Residue 323
165.88464155013077 89.98811019620074 6.904275634992858 Residue 325
39.169562446655696 109.57589386194097 4.535369857418655 Residue 326
101.95681489116323 115.09873153055894 8.709988853233467 Residue 327
112.25394407388008 82.00922710077668 5.997578429910472 Residue 328
40.90652980658749 65.54918390423767 4.024585776417382 Residue 329
13.739396602081575 71.35517903968965 6.514122600642035 Residue 333
126.97599642638825 91.4847403977502 7.504600295158036 Residue 334
76.97622429871932 80.88304070876268 6.559422741141433 Residue 335
94.65248720086886 50.625179804814316 1.6874773842893052 Residue 336
138.74829598932706 81.94950519446671 2.767745166535858 Residue 338
25.795967121282267 65.20960048647596 2.6496451854542324 Residue 339
139.38792463926086 77.01303402649654 6.293710490964991 Residue 340
134.2646692452272 85.40427229872323 3.2070519502565658 Residue 343
74.09453536616995 92.94730540637818 5.992445315343091 Residue 345
143.4039586691518 98.21517533187257 7.023554357000744 Residue 346
153.39889806215916 89.13078210647907 6.850045786557423 Residue 348
90.17594023364208 79.60159053189598 6.180992999653259 Residue 350
