0.0 83.18149301333342
3.673469387755102 82.91238836911228
7.346938775510204 82.116459475832
11.020408163265307 80.82687932771776
14.693877551020408 79.09581021273844
18.367346938775512 76.9901972705401
22.040816326530614 74.58673234728862
25.714285714285715 71.96661563321108
29.387755102040817 69.21067847580217
33.06122448979592 66.3952866384958
36.734693877551024 63.58926445081034
40.40816326530612 60.85190861598865
44.08163265306123 58.232024336849705
47.755102040816325 55.76782808570026
51.42857142857143 53.48751944873267
55.10204081632653 51.410319448320664
58.775510204081634 49.547792032070035
62.44897959183674 47.90529724097938
66.12244897959184 46.48345988358321
69.79591836734694 45.27957050933703
73.46938775510205 44.28886306116844
77.14285714285714 43.5056348092526
80.81632653061224 42.92418930915366
84.48979591836735 42.53959311205833
88.16326530612245 42.348242919553925
91.83673469387756 42.34824291955393
95.51020408163265 42.53959311205833
99.18367346938776 42.92418930915365
102.85714285714286 43.5056348092526
106.53061224489797 44.288863061168435
110.20408163265306 45.279570509337034
113.87755102040816 46.48345988358322
117.55102040816327 47.90529724097938
121.22448979591837 49.54779203207006
124.89795918367348 51.41031944832068
128.57142857142858 53.48751944873267
132.24489795918367 55.76782808570027
135.91836734693877 58.23202433684972
139.59183673469389 60.85190861598865
143.26530612244898 63.58926445081031
146.9387755102041 66.39528663849586
150.6122448979592 69.21067847580218
154.28571428571428 71.96661563321106
157.9591836734694 74.58673234728865
161.6326530612245 76.9901972705401
165.3061224489796 79.09581021273847
168.9795918367347 80.82687932771776
172.6530612244898 82.116459475832
176.3265306122449 82.91238836911228
180.0 83.18149301333342
