0.0 83.18149301333342
3.673469387755102 83.07295684200818
7.346938775510204 82.75042635056623
11.020408163265307 82.22297333674774
14.693877551020408 81.50519150333992
18.367346938775512 80.61645770837902
22.040816326530614 79.57999096543827
25.714285714285715 78.4217872339267
29.387755102040817 77.16951189660662
33.06122448979592 75.85142668101987
36.734693877551024 74.49541549179172
40.40816326530612 73.12815678668188
44.08163265306123 71.77447152119561
47.755102040816325 70.45685774401656
51.42857142857143 69.19520744237754
55.10204081632653 68.00668924794155
58.775510204081634 66.90577245019611
62.44897959183674 65.90436320999079
66.12244897959184 65.0120223575843
69.79591836734694 64.23623497537355
73.46938775510205 63.58270437254258
77.14285714285714 63.0556464111306
80.81632653061224 62.65806393138027
84.48979591836735 62.391984890167095
88.16326530612245 62.25865155151209
91.83673469387756 62.258651551512095
95.51020408163265 62.39198489016708
99.18367346938776 62.65806393138027
102.85714285714286 63.055646411130596
106.53061224489797 63.58270437254258
110.20408163265306 64.23623497537352
113.87755102040816 65.0120223575843
117.55102040816327 65.9043632099908
121.22448979591837 66.90577245019612
124.89795918367348 68.00668924794155
128.57142857142858 69.19520744237752
132.24489795918367 70.4568577440166
135.91836734693877 71.7744715211956
139.59183673469389 73.12815678668188
143.26530612244898 74.4954154917917
146.9387755102041 75.85142668101987
150.6122448979592 77.16951189660665
154.28571428571428 78.42178723392666
157.9591836734694 79.57999096543827
161.6326530612245 80.61645770837902
165.3061224489796 81.50519150333993
168.9795918367347 82.22297333674771
172.6530612244898 82.75042635056623
176.3265306122449 83.0729568420082
180.0 83.18149301333342
