77.44039427397139 81.54275828722409 47.42133325999031
162.99029877655755 -152.16928367162026 62.09917630913511
30.653325291606095 40.846054696963726 89.26040656487379
137.4729562688449 105.43327373691511 65.32023574866551
139.42547663376544 139.47205684762247 83.05998566122615
71.60060256509233 -78.81083472889125 75.84664650045144
146.47323139753385 -127.70102941961254 97.96537248340734
47.217585416474016 55.577426743901306 76.87934616614741
55.178501006575075 -42.34779656288393 56.32016216331545
54.06384648684202 123.64772995743591 81.57280068127727
128.43989926529457 -56.573419407773386 63.536393456206454
33.45604608526925 -145.0579627343257 75.55457733288561
35.94823229614752 69.2654705781934 93.12647631906962
121.30319081584726 -55.76672652996764 70.84673113025741
115.56776080197139 106.46849464330167 69.42515573999195
144.49373501994748 108.03786284560435 68.38782921159596
39.96914249669974 -33.93625983971128 74.62205816975803
162.3259914032076 -171.00857273387695 62.64565403943727
62.29318515788904 44.84864144822996 89.96284263398704
61.2419612079352 -145.1751328746586 69.67536613061392
79.53413935992934 176.01133300345896 52.62519843377
145.5338251604186 -117.6748082964346 61.71982610443177
20.29643565448105 169.22226600606064 61.33920345910163
161.08583378793438 -8.609074597999188 68.74424093606522
153.19384355195632 60.74572391132657 70.35532366242103
60.918244258180486 -108.97096134293088 83.51806985771375
118.11042551253314 87.0657688771429 84.00194953267986
79.43575008772471 -111.69687186790964 80.71919139447695
60.59607724998234 -64.88615361731992 49.10082934647844
77.49484714348779 179.10941241920136 44.21952865595265
100.463549111685 4.772101517305002 33.1134658465407
65.31399502431938 139.11162139347738 61.948932185179466
33.377389492887396 -80.41086210374073 59.18963354470356
127.14272404040054 14.042903399372584 81.93628018703531
48.966766312614425 -146.83673887109614 60.0322573848944
133.18953280239757 13.198287893927638 77.58121577821773
35.121791258814106 163.08743543736097 71.34181018501577
76.46813938775011 -52.70639502175965 78.09181475351865
91.6614471302167 -95.09535966410733 93.24534465864129
122.25289290703518 37.78385943447325 62.747294277058145
83.10251723012766 68.66645935754444 76.11175113374732
125.57611831190681 95.00406604829672 76.28803963202233
142.48994657962328 33.98455290467807 65.38909808957634
134.6025294116343 117.00049612337807 77.89315981784695
36.87415492845695 -54.35336089310288 72.3582016791596
138.32696178738945 147.49885760610172 65.29165730628122
38.16251971879258 -78.25014523080625 66.78370790373121
108.49280030974796 106.91733356820312 72.87675641158378
89.9329469787433 -84.32241212433655 82.38135841736846
132.4527652683653 109.39009057340716 68.68907291706932
107.49364927647986 -73.61547937132657 83.74898526736199
26.384880912521467 67.59869795900794 86.55918743561655
88.94127630465933 54.671146900102244 88.99478473054384
39.71647780093939 126.00226199685888 103.59604265753057
103.43138390247226 85.20287433345234 75.29351825812178
74.86460475211318 140.26273644645013 81.08270113312693
165.8846415501308 -36.04136676597952 89.98811019620074
39.16956244665569 17.601231392256782 109.57589386194097
101.95681489116323 -111.14975309529179 115.09873153055894
112.25394407388008 72.52749018804937 82.00922710077668
40.906529806587486 -124.07404904139344 65.54918390423767
13.739396602081575 128.91068094972445 71.35517903968965
126.97599642638825 -106.18224668451627 91.4847403977502
76.97622429871932 -109.20434712359256 80.88304070876268
94.65248720086886 -89.64388618485444 50.625179804814316
138.74829598932706 167.20403691895993 81.94950519446671
25.79596712128228 136.25611550615093 65.20960048647596
139.38792463926086 1.7313230539585844 77.01303402649654
134.2646692452272 62.84328449604649 85.40427229872323
74.09453536616995 75.6080101286594 92.94730540637818
143.40395866915182 -127.02350116315925 98.21517533187257
153.39889806215916 -168.12334770777738 89.13078210647907
90.17594023364208 63.55769377863438 79.60159053189598
