0.0 19.345778730317924
3.673469387755102 19.317119529417745
7.346938775510204 19.23199859785204
11.020408163265307 19.092937484450538
14.693877551020408 18.903982015526037
18.367346938775512 18.670483210100883
22.040816326530614 18.39882019043383
25.714285714285715 18.096089499954363
29.387755102040817 17.769785988343777
33.06122448979592 17.42749827154305
36.734693877551024 17.076637441111934
40.40816326530612 16.724212119692357
44.08163265306123 16.37665707441959
47.755102040816325 16.039717176966658
51.42857142857143 15.718384048287003
55.10204081632653 15.416879487161996
58.775510204081634 15.138677764458581
62.44897959183674 14.886557921799538
66.12244897959184 14.662677113665078
69.79591836734694 14.468656525285377
73.46938775510205 14.305672257503979
77.14285714285714 14.174544612449843
80.81632653061224 14.0758203114861
84.48979591836735 14.009843249618932
88.16326530612245 13.976810398123833
91.83673469387756 13.976810398123833
95.51020408163265 14.009843249618928
99.18367346938776 14.0758203114861
102.85714285714286 14.174544612449836
106.53061224489797 14.305672257503979
110.20408163265306 14.468656525285377
113.87755102040816 14.66267711366508
117.55102040816327 14.88655792179954
121.22448979591837 15.138677764458581
124.89795918367348 15.416879487161996
128.57142857142858 15.718384048286996
132.24489795918367 16.03971717696666
135.91836734693877 16.37665707441959
139.59183673469389 16.72421211969236
143.26530612244898 17.076637441111938
146.9387755102041 17.427498271543058
150.6122448979592 17.769785988343777
154.28571428571428 18.09608949995436
157.9591836734694 18.398820190433838
161.6326530612245 18.670483210100887
165.3061224489796 18.90398201552604
168.9795918367347 19.09293748445054
172.6530612244898 19.23199859785204
176.3265306122449 19.317119529417752
180.0 19.345778730317924
