0.0 79.97830018988603
3.673469387755102 79.67608094945848
7.346938775510204 78.78320735364733
11.020408163265307 77.33973594345537
14.693877551020408 75.40832105907974
18.367346938775512 73.06874593424368
22.040816326530614 70.4114726717148
25.714285714285715 67.53107066277644
29.387755102040817 64.5202643235532
33.06122448979592 61.465115522633994
36.734693877551024 58.441595953549836
40.40816326530612 55.51357114760788
44.08163265306123 52.73204727265205
47.755102040816325 50.13543471529195
51.42857142857143 47.750549967701744
55.10204081632653 45.59409123526871
58.775510204081634 43.67436365185691
62.44897959183674 41.993080625984646
66.12244897959184 40.547117457106026
69.79591836734694 39.330135779078034
73.46938775510205 38.33403025294025
77.14285714285714 37.55017232597007
80.81632653061224 36.970441147531545
84.48979591836735 36.58804067974255
88.16326530612245 36.39810641728356
91.83673469387756 36.39810641728356
95.51020408163265 36.588040679742534
99.18367346938776 36.970441147531545
102.85714285714286 37.550172325970074
106.53061224489797 38.33403025294025
110.20408163265306 39.330135779078034
113.87755102040816 40.547117457106026
117.55102040816327 41.993080625984646
121.22448979591837 43.674363651856915
124.89795918367348 45.59409123526871
128.57142857142858 47.750549967701744
132.24489795918367 50.13543471529196
135.91836734693877 52.73204727265205
139.59183673469389 55.51357114760785
143.26530612244898 58.44159595354982
146.9387755102041 61.46511552263401
150.6122448979592 64.52026432355322
154.28571428571428 67.53107066277646
157.9591836734694 70.4114726717148
161.6326530612245 73.06874593424368
165.3061224489796 75.40832105907977
168.9795918367347 77.33973594345538
172.6530612244898 78.78320735364733
176.3265306122449 79.67608094945845
180.0 79.97830018988603
