0.0 79.97830018988603
3.673469387755102 79.94474362936766
7.346938775510204 79.8447655354724
11.020408163265307 79.6804191467614
14.693877551020408 79.45505595252041
18.367346938775512 79.17322383717826
22.040816326530614 78.84053215190804
25.714285714285715 78.46349062005511
29.387755102040817 78.04932996502507
33.06122448979592 77.60581254341005
36.734693877551024 77.14104108537356
40.40816326530612 76.66327295339707
44.08163265306123 76.1807462333238
47.755102040816325 75.70152259558571
51.42857142857143 75.2333503442116
55.10204081632653 74.78354953432293
58.775510204081634 74.35891959507492
62.44897959183674 73.96566862952447
66.12244897959184 73.60936253359858
69.79591836734694 73.29489131465758
73.46938775510205 73.02644950444501
77.14285714285714 72.80752734144059
80.81632653061224 72.64090942051965
84.48979591836735 72.52867774177284
88.16326530612245 72.47221649948648
91.83673469387756 72.47221649948648
95.51020408163265 72.52867774177284
99.18367346938776 72.64090942051963
102.85714285714286 72.80752734144059
106.53061224489797 73.02644950444501
110.20408163265306 73.29489131465758
113.87755102040816 73.60936253359858
117.55102040816327 73.96566862952446
121.22448979591837 74.35891959507492
124.89795918367348 74.78354953432296
128.57142857142858 75.2333503442116
132.24489795918367 75.70152259558571
135.91836734693877 76.18074623332377
139.59183673469389 76.66327295339704
143.26530612244898 77.14104108537354
146.9387755102041 77.60581254341007
150.6122448979592 78.04932996502507
154.28571428571428 78.46349062005508
157.9591836734694 78.84053215190804
161.6326530612245 79.17322383717826
165.3061224489796 79.45505595252041
168.9795918367347 79.68041914676138
172.6530612244898 79.84476553547242
176.3265306122449 79.94474362936768
180.0 79.97830018988603
