[-0.7887338246316888, -0.6099405353693239, -0.07662569539815536]
[0.3197519718886578, 0.028422397501212584, -0.947074888165449]
[-0.6528719591107665, -0.06802864892756053, 0.7544072560175707]
[-0.059512727316892756, -0.4627627589641163, -0.8844822577096866]
[-0.3126064076076431, -0.7151126971416606, -0.6252128152152862]
[0.4832369218325164, 0.776849228768729, 0.4037169220372928]
[0.7050364398691524, 0.2811995049189066, -0.6510379842144333]
[-0.7764417005927177, -0.1624397768345284, 0.6088937546753433]
[-0.14898626542868593, 0.8472960401250511, 0.5097965408886382]
[0.4065553111603446, 0.8621424186415367, 0.30236274397854734]
[-0.8040387446280998, -0.36212432009967704, 0.47157997617500275]
[0.40642948866416606, -0.4290089047010664, 0.8067009547728179]
[-0.5933300358015963, -0.33054026215936055, 0.7339636256023166]
[0.3309839662494776, 0.8805807990958299, -0.3391564098605749]
[-0.4050474054249801, -0.7282348365252355, -0.5528206058293735]
[-0.06903702803350202, -0.33488110613266114, -0.9397279039784159]
[-0.2214948521431537, 0.6583883678383613, 0.7193502537493269]
[0.4451255857551241, -0.12149069886435705, -0.8871883807825752]
[-0.8898206157445988, 0.08144811128097214, 0.4489827134363475]
[0.6721130850419905, -0.3979884128949552, 0.6243950865571355]
[0.5954728444148368, -0.7612230176024706, 0.2568104535191126]
[0.021297670592525936, 0.4056699160480998, -0.9137714858983398]
[0.07328294569850811, -0.44275113026182367, 0.8936448100457066]
[-0.29433075533031644, 0.44664177557117846, -0.8449145109307274]
[-0.45968278825517395, 0.02209001957290014, -0.8878084056919139]
[0.7726836223321065, 0.06872927098911173, 0.6310596699909128]
[-0.7340973990756217, -0.5063441893901068, -0.4524561531698771]
[0.6359991103345389, 0.6822349099549765, 0.36063923703945505]
[-0.64945485526454, 0.21066178058422477, 0.7306367121726085]
[0.3918011466672431, -0.8951070583129025, 0.2127797350046655]
[-0.7615471539514026, -0.33164150252722546, -0.5568301770827466]
[0.42625894523999525, -0.5560788158526541, 0.7134981865168243]
[0.12555452988356733, -0.2980644124065251, 0.9462524325371477]
[-0.39789662742733295, 0.48541353269267873, -0.7784934014882643]
[0.5106500308924181, -0.055820043862728756, 0.8579747482605391]
[-0.5543134622063698, 0.35656392762997413, -0.7520629967827654]
[0.15654666472084602, -0.7080411240969046, 0.6886006886086964]
[0.15091723098442092, 0.8362468483999763, 0.5271766287811914]
[0.8085581100171101, 0.5884163345162665, 0.0]
[-0.734763059076179, 0.15679044356855595, -0.6599545467853002]
[-0.9260876517087072, -0.37721883260498684, 0.008222753844249548]
[-0.38789502171896073, -0.5192295566316774, -0.7615366830597976]
[-0.4519090038083137, 0.3170568864987711, -0.8338184352727415]
[-0.249002408596355, -0.5633169243655246, -0.7878272927720769]
[-0.07446269800855321, 0.45504982116337606, 0.8873471512685812]
[0.10993859894517209, -0.5924468943156438, -0.7980727923427293]
[0.3272448401212136, 0.4016650062547064, 0.8553221833697804]
[-0.40188881360513, -0.7710538561279191, -0.4939244197742479]
[0.5529672204493, 0.8320542544990367, 0.043737520261528016]
[-0.32588108577929004, -0.38634329980752385, -0.8628675290130836]
[0.30885223009985213, 0.9511012383869628, 0.004090758014568949]
[-0.7374058038283081, 0.2055234663330983, 0.6434227111835225]
[-0.34059003863197373, -0.6739989619915887, -0.6555332370055172]
[0.951350169876257, 0.055478303642894286, -0.3030759180491313]
[-0.6855798878608417, -0.5472432932776494, 0.4801093576710919]
[0.490692645228788, 0.7380835205316305, -0.46309118393466425]
[0.4527026305632798, 0.167591944497468, -0.8757701002093211]
[-0.4842028149789382, 0.2650373303042601, 0.8338482161110993]
[0.9031074287899914, 0.4245642969828812, -0.06435937998273641]
[-0.8072023137011579, -0.22754044812239677, -0.5446556427907054]
[0.6117615616985705, 0.12770780075861898, 0.7806654272180388]
[-0.07849818741152123, -0.36496559861461436, 0.9277058512270911]
[0.8128677135140038, 0.4703385512156498, -0.3435516374096899]
[0.9321633927107568, 0.2428151883882325, 0.26853713631071324]
[0.9325111730915561, 0.34943550552112257, 0.09120164220345846]
[0.4232873205249658, -0.4418254513508737, -0.790960248572197]
[-0.1270218474143843, -0.5603302462553789, 0.8184714200329926]
[-0.38605074702533, 0.6855201919473597, -0.6172737538188707]
[-0.4138848973149488, -0.1106424973020166, -0.9035803946331326]
[-0.8956443878302365, -0.230773298566932, 0.38021680028207405]
[0.880866342330692, 0.21332684304416138, -0.4225708756951425]
[0.45213269939154777, -0.1804429820700913, -0.873508072293877]
[0.24061185200054072, 0.2798532699233801, 0.9294020034355756]
