%<residue><chainID><atom	1><atom	2><frequency><R1><R1	errors><R2><R2	errors><NOE><NOE	errors>	
548	A	N	H	600	1.041521971	0.02352989	21.06893605	0.467269347	0.259673607	0.01298368
549	A	N	H	600	0.978705582	0.038276725	30.07440139	1.058032251	0.636492497	0.031824625
550	A	N	H	600	0.751629446	0.066140744	32.75158208	2.170403581	1.039966496	0.051998325
552	A	N	H	600	0.881072457	0.035407805	28.44109587	0.979974556	0.955579972	0.047778999
554	A	N	H	600	0.732183918	0.019518835	28.35944284	0.515809172	0.732462828	0.036623141
556	A	N	H	600	0.770486251	0.021442404	27.94077824	0.632136044	0.720000957	0.036000048
557	A	N	H	600	0.754300998	0.023818495	32.39972047	0.899019553	0.885483493	0.044274175
558	A	N	H	600	0.758184082	0.02383067	31.40393956	0.814398899	0.789969471	0.039498474
560	A	N	H	600	0.930064779	0.058930574	29.41675702	1.689373864	0.854059534	0.042702977
561	A	N	H	600	0.856783447	0.028052673	31.34806673	0.86069541	0.732875727	0.036643786
562	A	N	H	600	0.914127873	0.033845431	28.26320903	0.954118204	0.880786103	0.044039305
563	A	N	H	600	0.797718496	0.053523515	33.82518143	1.839290916	0.786162316	0.039308116
564	A	N	H	600	0.737339864	0.041216845	32.45211163	1.413411739	0.666785035	0.033339252
565	A	N	H	600	0.753284361	0.030567304	30.79811887	0.986073225	0.671811924	0.033590596
566	A	N	H	600	0.850960972	0.039431346	31.0825082	1.247156633	0.86094154	0.043047077
568	A	N	H	600	0.891746833	0.037886484	26.59744409	1.127523738	1.100844869	0.055042243
569	A	N	H	600	0.865718606	0.052735501	30.75707304	1.506612068	0.861237462	0.043061873
570	A	N	H	600	0.807193914	0.019846176	29.09363043	0.587640761	0.790021118	0.039501056
571	A	N	H	600	0.778353324	0.048582329	33.48367571	1.716127487	0.888095239	0.044404762
572	A	N	H	600	0.848924183	0.050094256	32.39438461	1.490459376	0.752863933	0.037643197
576	A	N	H	600	0.866114328	0.024230534	29.09151134	0.644700689	0.745174199	0.03725871
578	A	N	H	600	0.840855802	0.019907856	22.58782389	0.47015866	0.523642377	0.026182119
579	A	N	H	600	0.944801971	0.052135513	29.37868383	1.366145608	1.051918456	0.052595923
580	A	N	H	600	0.907249758	0.054935557	30.39967965	1.558659636	0.905216786	0.045260839
582	A	N	H	600	0.881654989	0.055855392	29.23387735	1.441800839	0.944514615	0.047225731
583	A	N	H	600	0.767814906	0.034588362	29.70508108	1.082928002	0.785059872	0.039252994
584	A	N	H	600	0.880327561	0.05661477	36.72214956	1.966998083	0.853009178	0.042650459
585	A	N	H	600	0.773552033	0.026853731	28.99143549	0.789875349	0.637399645	0.031869982
588	A	N	H	600	1.05301861	0.029395713	20.47045992	0.473967533	0.332790753	0.016639538
589	A	N	H	600	0.989925101	0.018532653	20.51219024	0.355038617	0.434132313	0.021706616
590	A	N	H	600	1.123357634	0.01769134	16.60442437	0.259066201	0.265196905	0.013259845
591	A	N	H	600	0.871239003	0.016894145	21.78442807	0.372916091	0.505529982	0.025276499
592	A	N	H	600	0.876493798	0.038177236	24.29732149	0.876333527	0.581595574	0.029079779
593	A	N	H	600	0.773956076	0.021315297	26.68594021	0.637993855	0.775992974	0.038799649
594	A	N	H	600	0.850715707	0.030106593	29.01326595	0.817854472	0.74900755	0.037450377
595	A	N	H	600	0.781301962	0.029018053	26.5121387	0.805760119	0.904053354	0.045202668
596	A	N	H	600	0.770449774	0.07689477	30.34998867	2.470545906	0.697317732	0.034865887
597	A	N	H	600	0.816176806	0.044635489	30.8445945	1.317068595	1.017789145	0.050889457
599	A	N	H	600	0.666120326	0.038685522	30.88159293	1.311443831	0.711112618	0.035555631
601	A	N	H	600	0.882509925	0.027872718	27.39242156	0.723918075	0.80812844	0.040406422
602	A	N	H	600	0.831650145	0.018977727	30.17395937	0.540325559	0.805012858	0.040250643
603	A	N	H	600	0.866396832	0.02780279	29.22388292	0.772989353	0.817326929	0.040866346
606	A	N	H	600	0.848453006	0.038914582	27.79994223	1.125793001	0.906008473	0.045300424
608	A	N	H	600	0.830606043	0.017694877	31.38745524	0.55021094	0.835078466	0.041753923
609	A	N	H	600	0.774669979	0.037309435	28.6943438	1.044196876	1.03718321	0.05185916
610	A	N	H	600	0.84600262	0.042780443	28.17318816	1.27009757	1.070738566	0.053536928
611	A	N	H	600	0.870878536	0.016315802	28.47423389	0.475669428	0.826548692	0.041327435
612	A	N	H	600	0.879965685	0.056374071	30.95797842	1.805561873	0.881589968	0.044079498
613	A	N	H	600	0.73472807	0.046084277	31.86306391	1.630869917	0.95852979	0.047926489
615	A	N	H	600	0.825653632	0.018855656	29.09519653	0.54651857	0.821520947	0.041076047
616	A	N	H	600	0.810854657	0.042074971	30.62778185	1.340308606	0.751217066	0.037560853
619	A	N	H	600	0.724772873	0.032443094	25.19459364	0.856486689	0.698442646	0.034922132
620	A	N	H	600	0.77839775	0.020555085	29.40623925	0.651579324	0.702916731	0.035145837
621	A	N	H	600	0.746106288	0.032008433	26.29710749	0.842748026	0.515244449	0.025762222
622	A	N	H	600	0.758042702	0.040626795	30.0784371	1.244860967	0.72506996	0.036253498
623	A	N	H	600	0.760407765	0.023886598	26.59948227	0.64969023	0.697835614	0.034891781
625	A	N	H	600	0.745351137	0.039140428	27.95339812	1.221680121	0.689117745	0.034455887
626	A	N	H	600	0.670599247	0.022151244	29.3618035	0.747622524	0.748897197	0.03744486
627	A	N	H	600	0.649620954	0.04072867	36.13782928	1.755352443	0.843923513	0.042196176
628	A	N	H	600	0.866011237	0.044080927	32.51770641	1.449038755	0.827522966	0.041376148
629	A	N	H	600	0.874934861	0.038145572	26.67748066	1.026868378	0.847994095	0.042399705
633	A	N	H	600	0.836472448	0.048312479	28.39743457	1.440674535	0.888760937	0.044438047
634	A	N	H	600	0.801309595	0.045717882	30.20740023	1.4021682	0.78538908	0.039269454
635	A	N	H	600	0.699524334	0.039760938	29.30322548	1.39894351	0.652797255	0.032639863
636	A	N	H	600	0.847024638	0.01187299	11.56894942	0.175982729	0.119806724	0.005990336
638	A	N	H	600	0.883589867	0.017693457	31.88233601	0.559313831	0.864475443	0.043223772
339	A	N	H	600	0.838755532	0.02699371	26.99079132	0.72379402	0.640670152	0.032033508
640	A	N	H	600	1.006052643	0.0620815	24.27994925	1.294458696	0.749394989	0.037469749
643	A	N	H	600	0.761979184	0.02267714	26.60661566	0.592259462	0.40167811	0.020083906
645	A	N	H	600	0.708523976	0.034337469	30.51138146	1.26367749	0.987383427	0.049369171
646	A	N	H	600	0.669889641	0.032537132	29.58039957	1.14528791	0.770949977	0.038547499
648	A	N	H	600	0.785889472	0.037915275	33.79591518	1.279841899	0.84853735	0.042426868
650	A	N	H	600	0.777080051	0.047281682	29.53955628	1.359958015	1.027107755	0.051355388
