0.0 19.505268002691977
3.673469387755102 19.477319347085775
7.346938775510204 19.394298424474286
11.020408163265307 19.258634441489097
14.693877551020408 19.074227461993786
18.367346938775512 18.846240471128787
22.040816326530614 18.580835967258214
25.714285714285715 18.284879980362614
29.387755102040817 17.965637206729113
33.06122448979592 17.63047903836919
36.734693877551024 17.286622298130926
40.40816326530612 16.9409113233791
44.08163265306123 16.599650537648067
47.755102040816325 16.26848953056684
51.42857142857143 15.952358419641879
55.10204081632653 15.655448132743604
58.775510204081634 15.38122825379143
62.44897959183674 15.132494092351319
66.12244897959184 14.911434464844348
69.79591836734694 14.71971208123909
73.46938775510205 14.558549204011522
77.14285714285714 14.42881221324578
80.81632653061224 14.33108974818159
84.48979591836735 14.26576012181988
88.16326530612245 14.233044679394144
91.83673469387756 14.233044679394144
95.51020408163265 14.265760121819882
99.18367346938776 14.331089748181592
102.85714285714286 14.428812213245779
106.53061224489797 14.55854920401152
110.20408163265306 14.719712081239088
113.87755102040816 14.911434464844348
117.55102040816327 15.132494092351315
121.22448979591837 15.38122825379143
124.89795918367348 15.655448132743611
128.57142857142858 15.952358419641879
132.24489795918367 16.26848953056684
135.91836734693877 16.599650537648063
139.59183673469389 16.940911323379098
143.26530612244898 17.286622298130922
146.9387755102041 17.63047903836919
150.6122448979592 17.965637206729113
154.28571428571428 18.28487998036261
157.9591836734694 18.580835967258214
161.6326530612245 18.846240471128787
165.3061224489796 19.074227461993793
168.9795918367347 19.258634441489107
172.6530612244898 19.394298424474286
176.3265306122449 19.477319347085768
180.0 19.505268002691977
