0.0 19.345778730317924
3.673469387755102 19.318183448520422
7.346938775510204 19.236210563899924
11.020408163265307 19.102253853736144
14.693877551020408 18.920156972509247
18.367346938775512 18.695009153142667
22.040816326530614 18.43288630479601
25.714285714285715 18.140559940389554
29.387755102040817 17.825197165675917
33.06122448979592 17.494073117133563
36.734693877551024 17.154313374823012
40.40816326530612 16.812678830457735
44.08163265306123 16.475400104220547
47.755102040816325 16.148063580755924
51.42857142857143 15.835546955469944
55.10204081632653 15.541999085292632
58.775510204081634 15.27085695363505
62.44897959183674 15.024891570039035
66.12244897959184 14.80627443225611
69.79591836734694 14.616656558990465
73.46938775510205 14.457252847752006
77.14285714285714 14.328925454898002
80.81632653061224 14.23226091094499
84.48979591836735 14.167636694768014
88.16326530612245 14.13527395322722
91.83673469387756 14.13527395322722
95.51020408163265 14.167636694768015
99.18367346938776 14.23226091094499
102.85714285714286 14.328925454898
106.53061224489797 14.457252847752006
110.20408163265306 14.616656558990464
113.87755102040816 14.806274432256112
117.55102040816327 15.024891570039038
121.22448979591837 15.270856953635054
124.89795918367348 15.541999085292638
128.57142857142858 15.835546955469946
132.24489795918367 16.148063580755924
135.91836734693877 16.47540010422055
139.59183673469389 16.812678830457735
143.26530612244898 17.154313374823015
146.9387755102041 17.49407311713356
150.6122448979592 17.825197165675924
154.28571428571428 18.14055994038955
157.9591836734694 18.43288630479601
161.6326530612245 18.695009153142664
165.3061224489796 18.920156972509254
168.9795918367347 19.10225385373615
172.6530612244898 19.236210563899924
176.3265306122449 19.318183448520422
180.0 19.345778730317924
