63.64930454701035 5.006394324125265 0.08408198699221409 Residue 3
100.53260384852783 5.017636338805203 0.06366721607329885 Residue 4
94.43220880277617 4.985626557777252 0.08087244544000984 Residue 5
98.99490205045353 4.832414527470751 0.07056302883265418 Residue 6
112.3071594598577 5.159099396005279 0.05356253210208888 Residue 7
76.05003528352336 5.058047004176748 0.06930849984916825 Residue 13
48.51012410226452 5.079129397621617 0.019298234579046534 Residue 16
85.52535286139423 4.854966535377771 0.07147296595011556 Residue 22
99.96836751755386 5.079130069802828 0.01923575607860851 Residue 26
98.10652319140985 5.126319753984279 0.08341063077863098 Residue 27
120.80359721204611 5.051706795493127 0.0642285737295202 Residue 28
112.93364375269894 5.04489967949946 0.06161326179692261 Residue 29
96.24938730746585 4.994421197218606 0.04056234797323999 Residue 30
112.44895024182311 5.039434179993315 0.02636761772962284 Residue 31
124.37977917544745 5.203656301866891 0.044773144597708314 Residue 32
106.62023818114135 5.0067035028221465 0.08703706930453828 Residue 33
103.73382695592797 5.126964450406957 0.07055997234463506 Residue 34
117.2841921313888 5.1348917722803495 0.07924871776844292 Residue 40
97.05139904665938 4.984326823045237 0.07201252723740735 Residue 41
84.23573645566854 4.952357869006573 0.04147642656189848 Residue 42
85.89638798700763 5.048187537728927 0.07273959229945354 Residue 43
89.20744511515056 4.857756018468138 0.08816169662388346 Residue 44
77.6581086659623 4.787255166389057 0.0698773874567486 Residue 64
107.2257544370131 4.979633935680555 0.08128478997420936 Residue 65
103.98119382437008 4.982900577186472 0.03484137981676806 Residue 66
96.80577793149904 4.912182297991127 0.022597889992352273 Residue 67
94.60442605948148 5.053883825650801 0.03747845739383902 Residue 68
97.86560941584082 4.9263689016260646 0.05476909025857313 Residue 69
