0.0 5.398740241875508
3.673469387755102 5.397129330727116
7.346938775510204 5.392328737997817
11.020408163265307 5.384433958034365
14.693877551020408 5.373601101214348
18.367346938775512 5.360042480471657
22.040816326530614 5.344020733912551
25.714285714285715 5.325841757897459
29.387755102040817 5.30584676777811
33.06122448979592 5.284403824634305
36.734693877551024 5.261899165757967
40.40816326530612 5.238728656004184
44.08163265306123 5.215289639655339
47.755102040816325 5.191973422313088
51.42857142857143 5.169158554232597
55.10204081632653 5.147205025160912
58.775510204081634 5.1264494204896005
62.44897959183674 5.107201033089566
66.12244897959184 5.089738877461331
69.79591836734694 5.074309514837484
73.46938775510205 5.061125570800497
77.14285714285714 5.050364811250541
80.81632653061224 5.042169637942526
84.48979591836735 5.0366468705443115
88.16326530612245 5.03386769706532
91.83673469387756 5.033867697065322
95.51020408163265 5.036646870544312
99.18367346938776 5.042169637942525
102.85714285714286 5.050364811250541
106.53061224489797 5.061125570800497
110.20408163265306 5.074309514837484
113.87755102040816 5.089738877461329
117.55102040816327 5.107201033089565
121.22448979591837 5.126449420489601
124.89795918367348 5.147205025160911
128.57142857142858 5.169158554232597
132.24489795918367 5.191973422313087
135.91836734693877 5.2152896396553405
139.59183673469389 5.238728656004184
143.26530612244898 5.261899165757967
146.9387755102041 5.284403824634305
150.6122448979592 5.30584676777811
154.28571428571428 5.325841757897457
157.9591836734694 5.344020733912551
161.6326530612245 5.360042480471657
165.3061224489796 5.373601101214348
168.9795918367347 5.3844339580343625
172.6530612244898 5.392328737997816
176.3265306122449 5.3971293307271155
180.0 5.398740241875508
