0.0 5.398740241875508
3.673469387755102 5.396171051885714
7.346938775510204 5.388519497153554
11.020408163265307 5.375951691439153
14.693877551020408 5.3587381667634375
18.367346938775512 5.337244781102601
22.040816326530614 5.311920740802966
25.714285714285715 5.2832844089520865
29.387755102040817 5.251907659164129
33.06122448979592 5.2183995624736825
36.734693877551024 5.183390165890733
40.40816326530612 5.147515042592583
44.08163265306123 5.111401177380515
47.755102040816325 5.0756546104484945
51.42857142857143 5.040850111346512
55.10204081632653 5.007523005609001
58.775510204081634 4.976163138939652
62.44897959183674 4.947210845476074
66.12244897959184 4.921054692162308
69.79591836734694 4.8980307028703765
73.46938775510205 4.878422723908987
77.14285714285714 4.862463575760525
80.81632653061224 4.85033664213485
84.48979591836735 4.84217757394476
88.16326530612245 4.838075829469476
91.83673469387756 4.838075829469477
95.51020408163265 4.84217757394476
99.18367346938776 4.850336642134849
102.85714285714286 4.862463575760525
106.53061224489797 4.878422723908987
110.20408163265306 4.898030702870375
113.87755102040816 4.921054692162308
117.55102040816327 4.947210845476075
121.22448979591837 4.976163138939652
124.89795918367348 5.007523005609002
128.57142857142858 5.040850111346512
132.24489795918367 5.075654610448494
135.91836734693877 5.111401177380515
139.59183673469389 5.147515042592584
143.26530612244898 5.183390165890733
146.9387755102041 5.218399562473682
150.6122448979592 5.251907659164129
154.28571428571428 5.283284408952084
157.9591836734694 5.311920740802966
161.6326530612245 5.337244781102601
165.3061224489796 5.358738166763439
168.9795918367347 5.375951691439154
172.6530612244898 5.388519497153554
176.3265306122449 5.396171051885714
180.0 5.398740241875508
