63.64930454701035 -149.05929695441145 5.006394324125265
100.53260384852783 57.060193120215054 5.017636338805203
94.43220880277617 -114.44362629247888 4.985626557777252
98.99490205045353 73.96649932661019 4.832414527470751
112.3071594598577 -79.79635042836142 5.159099396005279
76.05003528352336 67.60666116564535 5.058047004176748
48.51012410226452 -155.84733768481354 5.079129397621617
85.52535286139423 -156.10850525758883 4.854966535377771
99.96836751755384 75.1733603930543 5.079130069802828
98.10652319140985 94.5764691009001 5.126319753984279
120.80359721204611 93.28867659253967 5.051706795493127
112.93364375269897 66.95212351149924 5.04489967949946
96.24938730746585 83.57723116087823 4.994421197218606
112.44895024182311 100.42891291731405 5.039434179993315
124.37977917544747 84.28380121512667 5.203656301866891
106.62023818114135 71.55817679850435 5.0067035028221465
103.73382695592797 98.04194438653309 5.126964450406957
117.2841921313888 -138.13325230965253 5.1348917722803495
97.05139904665938 156.20636790926812 4.984326823045237
84.23573645566854 -62.562977884417506 4.952357869006573
85.89638798700763 126.75657197038736 5.048187537728927
89.20744511515056 -87.23540645320983 4.857756018468138
77.6581086659623 -167.5021121262031 4.787255166389057
107.2257544370131 164.1786115310199 4.979633935680555
103.98119382437008 36.670436471935 4.982900577186472
96.80577793149904 -128.54144067854784 4.912182297991127
94.60442605948148 91.95288182890752 5.053883825650801
97.86560941584082 -65.09476164446525 4.9263689016260646
