[0.1359541582896736, -0.6654598274178944, -0.7339480124209702]
[0.2771003612689966, 0.8261695956353393, 0.4905702692095511]
[-0.4049985984060309, -0.8856787530798692, -0.22704466880338459]
[0.5412580683252045, 0.7332514963349017, 0.4115603802548245]
[-0.7701135398700372, -0.5960187236760245, 0.22734734820631508]
[0.4163809446306239, 0.9072614210211463, 0.05919140879552997]
[0.18350807329526775, -0.43226346153995693, -0.8828777304094564]
[0.29314496546540436, -0.8569638537472987, -0.4238855772409172]
[0.5579927316932916, 0.714800908118059, 0.42154925350551464]
[0.8003317947134442, 0.5195495773619839, 0.2992277644767297]
[0.7042906628802013, 0.32764826490515064, 0.6297787521696893]
[0.4199831039275226, 0.6473040558106301, 0.636090914686346]
[0.6739913641588895, 0.6627751689913481, 0.3262893139649679]
[0.8134084528587031, 0.32454691092730803, 0.4827380153101194]
[0.5933608248565536, 0.37694668839347334, 0.7112201667801216]
[0.49826173970858034, 0.6830678357890144, 0.5339977251384983]
[0.8244087990333144, 0.4305245950507315, 0.36742169932225277]
[0.016332024293243125, -0.9931912273325147, 0.11534492157099058]
[0.9054114277439093, -0.4170194526433021, -0.07952938216669611]
[-0.9701309920603837, -0.20628048462757384, -0.12764881474478695]
[0.9888301082139065, 0.11825184799259067, -0.09072771095983319]
[-0.7819335485707423, -0.5930853677801573, -0.191910583722322]
[0.4577663950622082, -0.716725558415891, -0.5260745208287315]
[0.8171586625409114, -0.5740539604350045, 0.05209386473698345]
[-0.0644559716398142, 0.8184885287595115, 0.5708957488097611]
[-0.1686356848499515, -0.9596903519642673, -0.22484757979993625]
[0.7743144511126269, 0.5779229390734868, 0.25776385955136155]
[-0.9413601070147452, -0.32809619365008846, 0.07870220221513072]
