110.80398815848574 47.42134426488729 1.3465357744610693 Residue 248
15.929382187860178 62.09918252254044 3.3813188412222326 Residue 249
154.29315142995216 89.26040860103618 9.838975012399967 Residue 250
50.11226891908779 65.32023706331962 3.181594918061992 Residue 252
75.29750072279253 83.05998997865814 2.7142270974312717 Residue 254
89.0302257989265 75.84664763925493 3.880453347228493 Residue 256
27.395729374397174 97.96537744036287 4.539242693487096 Residue 257
146.6902393550642 76.87935049192879 4.108256717968126 Residue 258
104.4978835655495 56.320160140655936 5.694530938262575 Residue 260
83.63591282367578 81.57280140027302 4.218589577140404 Residue 261
141.28963196254347 63.53639673580112 3.7135725054477966 Residue 262
137.24875916590773 75.55458824500505 6.225803357331098 Residue 263
160.6655284000804 93.12648179446377 7.311330796224541 Residue 264
47.7076874600393 70.84672584557761 4.198575672352428 Residue 265
81.00958417903986 69.42515665828815 5.14230271748092 Residue 266
43.375461679876466 68.38783656864496 4.642745480580812 Residue 268
121.24771399374124 74.62205968795222 5.729157297095206 Residue 269
25.777812991544707 62.64566148719624 3.2469238383181103 Residue 270
130.71028593575306 89.96285175086591 8.096120140550417 Residue 271
118.63852010886214 69.67537997682652 7.11235106257038 Residue 272
106.26907648346497 52.62519696183173 2.0976551547628586 Residue 276
17.377725228610654 61.719831039014174 2.110216949645832 Residue 278
156.71273633006808 61.339206431180045 4.177732554860759 Residue 279
36.06843396644289 68.74425245535346 4.888736342991416 Residue 280
48.041508174767685 70.35534049207395 6.329601562534276 Residue 282
108.29168771476773 83.51808518403449 5.5726120474050695 Residue 283
88.15181489616863 84.00196449232755 7.883261443535134 Residue 284
85.76443168524871 80.71919373371487 3.3169726798511343 Residue 285
142.6020712814763 49.100829559741385 1.5438754538786803 Residue 288
110.04979534925182 44.21951723377143 1.1175239615001706 Residue 289
80.16113661003243 33.113462969047134 0.7213340092421443 Residue 290
133.03145766720553 61.94893616766384 1.3445160089533892 Residue 291
155.02331486960585 59.189642056320324 3.531197480991411 Residue 292
43.244063276336576 81.93628299960258 3.2141160760626026 Residue 293
129.51515735184282 60.03226158582304 4.096181577103749 Residue 294
51.828187458921185 77.5812284648903 4.367382109021588 Residue 295
141.99473743284042 71.34181286283287 8.389338730488392 Residue 296
100.25171843776887 78.09180960572402 5.719068333869523 Residue 297
64.91620754594744 93.24534865446249 6.64219392630976 Residue 299
65.19391678371923 62.74730936231967 2.6875931586072324 Residue 301
113.79591198053444 76.11176229867958 3.3442531671286093 Residue 302
65.60035760183813 76.28804596592917 3.493166719218139 Residue 303
44.669720888560015 65.38911259493517 6.0388758033286845 Residue 306
62.232725339731424 77.89316316344464 2.6683902074734163 Residue 308
133.39574635214842 72.35820155715557 4.84933002057009 Residue 309
54.84795954634047 65.29165753281379 5.172510524302434 Residue 310
123.4888085016111 66.78371293404221 2.0310408292554523 Residue 311
84.77260243215545 72.8767563231749 5.820452672717487 Residue 312
67.66441336249223 82.38135735746991 6.777792752865367 Residue 313
55.692913607172216 68.68907728329667 2.518359480651949 Residue 315
67.82986040667556 83.74898280604728 6.982170091194484 Residue 316
138.07369747131855 86.55921684069325 4.7600925723503025 Residue 319
73.43726222728269 88.9947756722982 3.96845731990317 Residue 320
54.5153536238134 103.59609817461772 9.933048412756868 Residue 321
143.87800791010477 75.29351432507362 5.204671065078757 Residue 322
37.761865458294864 81.08267813815367 3.2366249978808526 Residue 323
11.56732363165518 89.98812413419296 6.9042767930145725 Residue 325
145.1756527769415 109.5758943409438 4.535369882164544 Residue 326
62.51788167109079 115.0987398069295 8.709989655443254 Residue 327
79.78344452916403 82.00923976387995 5.9975796315863095 Residue 328
118.7023892184154 65.5491947434058 4.024586697500211 Residue 329
166.4336486041011 71.3551828189707 6.514123039362208 Residue 333
45.57341735674993 91.48475094165173 7.504601253101017 Residue 334
83.40989190447547 80.88306786725691 6.559425169424295 Residue 335
72.10714286535361 50.62521084861181 1.6874785042935971 Residue 336
44.74357873268041 81.94950509474381 2.767745159154907 Residue 338
161.28809582801165 65.20960533330562 2.649645462754351 Residue 339
49.701043153286975 77.01305205565089 6.293712072100002 Residue 340
48.94700107701141 85.40429657165265 3.20705297598951 Residue 343
133.32029420052078 92.94731437872558 5.992445999168467 Residue 345
44.391960110939735 98.21519298643065 7.023555875811393 Residue 346
29.251871625337564 89.13078503154227 6.850046093819487 Residue 348
132.98822298166826 79.60158631796207 6.18099257842868 Residue 350
