0.0 42.80742062064533
3.673469387755102 42.79438112055679
7.346938775510204 42.75552007341959
11.020408163265307 42.6916026211218
14.693877551020408 42.60388027962151
18.367346938775512 42.494056516830284
22.040816326530614 42.36424079607666
25.714285714285715 42.216893133918724
29.387755102040817 42.05476156028808
33.06122448979592 41.88081505447047
36.734693877551024 41.69817455792724
40.40816326530612 41.5100445424812
44.08163265306123 41.319647358698
47.755102040816325 41.13016223140649
51.42857142857143 40.94467033945163
55.10204081632653 40.76610694932703
58.775510204081634 40.59722110087964
62.44897959183674 40.44054289824641
66.12244897959184 40.298358066060636
69.79591836734694 40.172689109225516
73.46938775510205 40.06528217719026
77.14285714285714 39.97759858729886
80.81632653061224 39.91080990713658
84.48979591836735 39.86579552845424
88.16326530612245 39.84314177651561
91.83673469387756 39.84314177651561
95.51020408163265 39.86579552845424
99.18367346938776 39.91080990713658
102.85714285714286 39.97759858729886
106.53061224489797 40.065282177190255
110.20408163265306 40.172689109225516
113.87755102040816 40.29835806606064
117.55102040816327 40.440542898246406
121.22448979591837 40.59722110087964
124.89795918367348 40.766106949327025
128.57142857142858 40.94467033945163
132.24489795918367 41.13016223140649
135.91836734693877 41.319647358698006
139.59183673469389 41.51004454248121
143.26530612244898 41.698174557927246
146.9387755102041 41.88081505447045
150.6122448979592 42.05476156028807
154.28571428571428 42.21689313391871
157.9591836734694 42.36424079607666
161.6326530612245 42.49405651683027
165.3061224489796 42.60388027962151
168.9795918367347 42.6916026211218
172.6530612244898 42.7555200734196
176.3265306122449 42.794381120556785
180.0 42.80742062064533
