0.0 42.80742062064533
3.673469387755102 42.68573208197908
7.346938775510204 42.32513765190963
11.020408163265307 41.738743091971045
14.693877551020408 40.94740035038369
18.367346938775512 39.97833754580541
22.040816326530614 38.86345364253568
25.714285714285715 37.637448274470884
29.387755102040817 36.33595667777851
33.06122448979592 34.99383799391462
36.734693877551024 33.64372905206673
40.40816326530612 32.314933106671916
44.08163265306123 31.032671174847245
47.755102040816325 29.817687918304934
51.42857142857143 28.686177350255917
55.10204081632653 27.64997670529184
58.775510204081634 26.716968652003395
62.44897959183674 25.89163080757119
66.12244897959184 25.175675101478284
69.79591836734694 24.568725959796346
73.46938775510205 24.068993966223704
77.14285714285714 23.67390949607148
80.81632653061224 23.380688147187264
84.48979591836735 23.186806289611425
88.16326530612245 23.09037065311307
91.83673469387756 23.09037065311307
95.51020408163265 23.186806289611418
99.18367346938776 23.38068814718727
102.85714285714286 23.67390949607148
106.53061224489797 24.068993966223704
110.20408163265306 24.568725959796346
113.87755102040816 25.17567510147829
117.55102040816327 25.89163080757119
121.22448979591837 26.716968652003406
124.89795918367348 27.649976705291838
128.57142857142858 28.686177350255917
132.24489795918367 29.817687918304948
135.91836734693877 31.032671174847255
139.59183673469389 32.314933106671916
143.26530612244898 33.64372905206673
146.9387755102041 34.993837993914624
150.6122448979592 36.33595667777851
154.28571428571428 37.637448274470884
157.9591836734694 38.863453642535674
161.6326530612245 39.9783375458054
165.3061224489796 40.94740035038369
168.9795918367347 41.73874309197106
172.6530612244898 42.32513765190963
176.3265306122449 42.68573208197907
180.0 42.80742062064533
