110.80398815848577 -48.83823770601991 47.42134426488729
15.929382187860158 -104.5405452543845 62.09918252254044
154.29315142995216 15.027030383687777 89.26040860103618
50.11226891908779 -78.26455880238562 65.32023706331962
75.29750072279253 -73.64065722807699 83.05998997865814
89.0302257989265 111.4507557807439 75.84664763925493
27.395729374397163 163.75963878841551 97.96537744036287
146.6902393550642 -4.633758183752798 76.87935049192879
104.4978835655495 76.79504721637313 56.320160140655936
83.63591282367578 104.50858183689571 81.57280140027302
141.28963196254347 -26.76624922906442 63.53639673580112
137.24875916590773 -175.79614331865685 75.55458824500505
160.6655284000804 -22.852934440553447 93.12648179446377
47.7076874600393 91.60964337294195 70.84672584557761
81.00958417903986 -69.9199731061777 69.42515665828815
43.37546167987646 -72.3094749493519 68.38783656864496
121.24771399374124 76.8510174872682 74.62205968795222
25.777812991544696 -123.01829850870071 62.64566148719624
130.71028593575306 8.14581304836131 89.96285175086591
118.63852010886214 -176.86740769451004 69.67537997682652
106.26907648346497 -146.81621982683302 52.62519696183173
17.37772522861063 9.934189026324756 61.719831039014174
156.71273633006808 -168.42377273593314 61.339206431180045
36.06843396644289 6.683703354630172 68.74425245535346
48.041508174767685 -29.16978536554131 70.35534049207395
108.29168771476773 155.10487863729918 83.51808518403449
88.15181489616863 -47.2860419007456 84.00196449232755
85.76443168524871 121.54932846014296 80.71919373371487
142.60207128147633 36.55408585954037 49.100829559741385
110.04979534925182 -132.37397592373523 44.21951723377143
80.16113661003243 -38.569157186970635 33.113462969047134
133.03145766720553 -164.32844751130085 61.94893616766384
155.02331486960585 169.0087043455466 59.189642056320324
43.244063276336576 9.503463552159953 81.93628299960258
129.51515735184284 154.83898685097097 60.03226158582304
51.828187458921185 -1.376355285407438 77.5812284648903
141.99473743284042 -141.25132123177315 71.34181286283287
100.25171843776887 93.96083475845629 78.09180960572402
64.91620754594744 133.27426082759067 93.24534865446249
65.19391678371923 -12.493876428658332 62.74730936231967
113.79591198053444 -31.525914797091733 76.11176229867958
65.60035760183813 -62.358150109688836 76.28804596592917
44.669720888560015 -5.697419350803808 65.38911259493517
62.232725339731424 -71.04138187763921 77.89316316344464
133.39574635214842 92.55942416020477 72.35820155715557
54.84795954634047 -93.85596846228614 65.29165753281379
123.4888085016111 119.90322879105358 66.78371293404221
84.77260243215545 -71.74719446082165 72.8767563231749
67.66441336249223 111.06550448552109 82.38135735746991
55.692913607172216 -59.443394798709974 68.68907728329667
67.82986040667556 94.01180243492131 83.74898280604728
138.07369747131855 27.95449195938325 86.55921684069325
73.43726222728269 -70.76267236722565 88.9947756722982
54.5153536238134 174.3697006168921 103.59609817461772
143.87800791010477 -47.18620647975678 75.29351432507362
37.76186545829487 106.66928924619074 81.08267813815367
11.567323631655212 -152.48282115773117 89.98812413419296
145.1756527769415 55.833314481640855 109.5758943409438
62.51788167109079 145.7883601288537 115.0987398069295
79.78344452916403 -31.92465020385302 82.00923976387995
118.70238921841539 146.48093461218423 65.5491947434058
166.4336486041011 -175.7932682803336 71.3551828189707
45.573417356749935 143.13138196482114 91.48475094165173
83.40989190447547 152.8063285820338 80.88306786725691
72.10714286535361 149.06640109856076 50.62521084861181
44.743578732680426 -116.65083424490486 81.94950509474381
161.28809582801165 -130.62545456565198 65.20960533330562
49.701043153286975 27.914147363680772 77.01305205565089
48.947001077011414 -39.92846185346083 85.40429657165265
133.32029420052078 -16.461819282407916 92.94731437872558
44.39196011093972 165.6971324446182 98.21519298643065
29.251871625337564 -122.26949738731258 89.13078503154227
132.9882229816683 121.38093401609514 79.60158631796207
