67.36409144554229 3.295953649916402 0.0610133390529941 Residue 3
111.62700348122796 3.4326528288389992 0.0533424095651407 Residue 4
89.13614009470591 3.460671092142609 0.09878567086105537 Residue 5
103.18956315847547 3.358372136001038 0.05908394944855072 Residue 6
101.11504655567242 3.291483553685709 0.08407988795743926 Residue 7
99.97262928539487 3.4102431173745207 0.0565563577482892 Residue 8
109.98258748169786 3.381396722643252 0.0506913667348524 Residue 9
84.1112471661025 3.4328503437614972 0.04263614159073477 Residue 10
107.25170206425238 3.5768467879884867 0.051127349248184656 Residue 11
71.7052155665304 3.5046152418019774 0.05629776695874824 Residue 13
98.87325125290033 3.2524627825679673 0.15339360805090194 Residue 14
103.62119947408009 3.3342975003960076 0.1635132383171213 Residue 16
68.0899368629589 3.399622728967319 0.06584786172420413 Residue 17
123.44006200700383 3.3898061748146024 0.1455836521875193 Residue 18
59.5637250069254 3.3414808878970854 0.05418094076199184 Residue 19
128.01868125591037 3.233313702297057 0.09082779912279047 Residue 20
55.507764874816516 3.4468949380483522 0.03728572850972517 Residue 21
32.78923530725353 3.7374998690379897 0.1913823696171852 Residue 22
139.76019206064015 3.641050683885842 0.07169726881032469 Residue 23
155.46269745985984 3.8955613272955616 0.12068500358417508 Residue 24
146.6195926807511 3.5354744274449303 0.1859313498635693 Residue 26
160.37400359744154 3.955256719723774 0.2861323414230758 Residue 28
162.3132856622845 3.8821900598440737 0.24565345344503814 Residue 29
148.09478408809537 3.7696494610066833 0.15874559564495616 Residue 30
147.9246720101755 4.208751015583487 0.16062661718486465 Residue 31
167.7401274628552 4.00920590374033 0.1732381747554982 Residue 32
160.22984703214706 3.7062940532040605 0.17209882060304096 Residue 33
146.44670650950187 3.8002188583621117 0.04627189399183128 Residue 34
166.15694284286877 4.050775043792061 0.16980428203658882 Residue 36
137.12389284325633 3.6485270361323727 0.07494444814084926 Residue 37
113.48038387693775 3.6376968299644785 0.04248171488416582 Residue 38
59.00964805936984 3.8664386676974805 0.03724936116280364 Residue 40
132.08880051130654 3.310068167072295 0.06529130409383276 Residue 41
76.0958628667015 3.4645376277817865 0.10795787298949573 Residue 42
78.29930267513046 3.5163994236861265 0.08775314982174662 Residue 43
80.85456429988236 3.352510514097963 0.04942062794482982 Residue 44
92.94111453390643 3.302207085186311 0.03955109116063424 Residue 45
74.4997081332466 3.1905653429488576 0.09762262582194134 Residue 46
78.5037744804659 3.3436709138734684 0.03581315506529115 Residue 47
54.80237083840322 3.5887690587505383 0.030205252335543904 Residue 48
107.52082198513594 3.3536635982904848 0.04746660837922916 Residue 50
110.06542909451215 3.3292976210044447 0.07680023849220731 Residue 51
98.09085873510185 3.380052930717876 0.08073812948180799 Residue 53
93.13412223397951 3.3814605515103646 0.05121743889359938 Residue 54
102.06727715766063 3.4016489750249668 0.11631043203541412 Residue 55
