0.0 3.9561136296520836
3.673469387755102 3.953406563818814
7.346938775510204 3.9453549454704397
11.020408163265307 3.932164459792475
14.693877551020408 3.9141679635472872
18.367346938775512 3.8918113111894983
22.040816326530614 3.8656349357489157
25.714285714285715 3.8362524272204626
29.387755102040817 3.8043274782860004
33.06122448979592 3.770550570992985
36.734693877551024 3.7356166717084616
40.40816326530612 3.7002050093220173
44.08163265306123 3.664961762956278
47.755102040816325 3.630486210432986
51.42857142857143 3.5973206138170504
55.10204081632653 3.5659438637420013
58.775510204081634 3.5367686832087917
62.44897959183674 3.510142011153265
66.12244897959184 3.486348048502546
69.79591836734694 3.4656133538882252
73.46938775510205 3.4481133204634546
77.14285714285714 3.4339793469191093
80.81632653061224 3.4233060325738167
84.48979591836735 3.4161577762377577
88.16326530612245 3.412574239018142
91.83673469387756 3.4125742390181433
95.51020408163265 3.4161577762377586
99.18367346938776 3.4233060325738176
102.85714285714286 3.4339793469191098
106.53061224489797 3.4481133204634546
110.20408163265306 3.4656133538882257
113.87755102040816 3.4863480485025455
117.55102040816327 3.510142011153264
121.22448979591837 3.5367686832087903
124.89795918367348 3.5659438637420013
128.57142857142858 3.5973206138170504
132.24489795918367 3.630486210432985
135.91836734693877 3.6649617629562794
139.59183673469389 3.7002050093220173
143.26530612244898 3.7356166717084616
146.9387755102041 3.7705505709929863
150.6122448979592 3.804327478286001
154.28571428571428 3.8362524272204626
157.9591836734694 3.8656349357489166
161.6326530612245 3.891811311189498
165.3061224489796 3.9141679635472872
168.9795918367347 3.9321644597924768
172.6530612244898 3.9453549454704406
176.3265306122449 3.953406563818813
180.0 3.9561136296520836
