0.0 5.991446731562679
3.673469387755102 5.9865316815519956
7.346938775510204 5.971913699635352
11.020408163265307 5.9479685173317005
14.693877551020408 5.9153035616046825
18.367346938775512 5.874731289791397
22.040816326530614 5.827234721505894
25.714285714285715 5.773927633847961
29.387755102040817 5.716012098143372
33.06122448979592 5.654735989914776
36.734693877551024 5.591352834209459
40.40816326530612 5.527085914157002
44.08163265306123 5.463098040239466
47.755102040816325 5.400467817888257
51.42857142857143 5.340172717411475
55.10204081632653 5.283078782753801
58.775510204081634 5.229936437168714
62.44897959183674 5.181381562674179
66.12244897959184 5.1379408432541265
69.79591836734694 5.100040259482757
73.46938775510205 5.068015591964495
77.14285714285714 5.04212381993503
80.81632653061224 5.022554378259297
84.48979591836735 5.0094393516001965
88.16326530612245 5.002861831205748
91.83673469387756 5.002861831205748
95.51020408163265 5.0094393516001965
99.18367346938776 5.022554378259296
102.85714285714286 5.042123819935032
106.53061224489797 5.068015591964495
110.20408163265306 5.100040259482757
113.87755102040816 5.137940843254125
117.55102040816327 5.181381562674177
121.22448979591837 5.229936437168713
124.89795918367348 5.283078782753801
128.57142857142858 5.340172717411477
132.24489795918367 5.400467817888256
135.91836734693877 5.463098040239466
139.59183673469389 5.527085914157002
143.26530612244898 5.591352834209458
146.9387755102041 5.654735989914777
150.6122448979592 5.7160120981433735
154.28571428571428 5.773927633847962
157.9591836734694 5.827234721505894
161.6326530612245 5.874731289791399
165.3061224489796 5.915303561604684
168.9795918367347 5.947968517331703
172.6530612244898 5.971913699635355
176.3265306122449 5.9865316815519956
180.0 5.991446731562679
