112.4092359801933 40.272497484496974 16.607769634377455
93.14117230577352 -100.11301655463755 17.084114539136916
103.21438492146419 -55.203594657911864 16.877250854642774
92.5827722286236 123.77383879499209 15.999487019543393
93.6204329712526 -35.500277846717744 15.798340554676443
70.34882151552584 132.40934005553433 16.125572016178044
88.80746750070696 -66.99550080746852 17.559123140965884
81.81837963544355 83.61460181625093 16.00111156724416
80.88685271903518 -110.65033017524092 16.684067050028272
94.79864040306084 40.13653746065972 15.663264352516892
61.926614198278074 -149.25033460610754 17.11145269444614
131.54813525553607 -30.252443071253353 19.43700354189384
92.31531725602541 20.736548923832462 15.578394811568568
94.0703635164667 124.16393986821001 16.04455076556439
120.8588388160688 124.26683047081058 16.980757974812803
99.96685245352965 110.08167338373315 16.522491253394932
118.7841170921858 136.14613290894172 16.66992934716248
118.36886917642488 115.05565857884355 17.270911049491726
97.37700767161357 117.37070133575709 15.996415848009613
110.55642107090648 140.17923672414628 16.8213666650805
157.4759879089048 109.37309560646759 21.200142264861864
126.51861045812568 33.59510867150331 18.230721260512766
103.36195256308547 -96.67392034040012 16.496669261230213
135.0775423824629 -60.05792013317396 20.293629352726438
131.67252285068827 -155.60402114272554 18.286747047166784
64.95147388815764 -17.880981083309983 16.81573184513885
82.95441718933513 -36.21172109776877 16.788861659880684
90.85635008280781 -57.76607417316327 16.046089896479124
68.02097905688464 -39.30267414440692 17.35413639296613
122.10383450775417 82.9656294082429 17.090171045367427
33.73122420044143 -170.72979101873685 20.777674073032276
32.27532281183365 -47.24341449010803 19.94208530771532
103.05367086620544 112.54450696318469 17.00241140196712
122.31078968595212 -90.01298454007397 18.23675503582722
123.38821447085544 -114.32517689902024 18.12711488572085
93.9545884477874 -104.21077320682427 16.94335612187085
104.7067709002778 -154.27358613165578 15.835459776306369
29.920371334996627 52.67800723120796 19.784907999061836
148.56956862331293 106.86694834369305 19.017611673973843
111.68891273725939 -112.8301489206287 17.095761401632735
143.0601093629698 -146.8742271213968 21.179101083391668
77.66892277783734 89.85407391838528 18.463690548410945
77.91921739082404 -12.699290902793027 15.231648124217918
45.398461905420874 27.602634691264605 19.61139587130795
110.00037810786525 41.74538723811635 16.60777002959937
102.37921954733334 -107.46028357052481 17.084114094572374
115.50332258792199 -59.66553323648743 16.877249029311976
80.92122049721252 120.51913744795709 15.999486697360725
103.91634520324077 -37.70222574647862 15.798339561207474
59.33873645648487 130.69939027666624 16.12556979176092
99.86537782859793 -69.71179042696593 17.559122696282124
72.52608192516657 77.68896037550513 16.00111080865169
87.95318444627534 -113.16018135670618 16.684067491023363
92.96490990772031 39.01444641969429 15.663264436238622
62.56216628360894 -145.70177116221407 17.111452744259765
141.47030935444073 -26.821954622620808 19.437000725514928
94.56655824444903 17.772649254562282 15.578394805573309
82.96833303329143 119.39624776229265 16.04455055253067
108.99370426427137 121.10869751144156 16.98075979301054
88.57294089489642 107.17220049030469 16.522491510177733
107.45412067135659 131.92508566230458 16.6699307250747
106.72788851756495 112.67043853837006 17.270912662665552
85.5447715159083 114.62242064572385 15.996415905569068
99.08010172882359 135.849619319618 16.821367962390163
145.97128055104835 110.01995935969865 21.200144262727456
125.32621619299233 38.495340775786715 18.23072141601903
112.33313867131845 -102.19072324225382 16.496668346276476
146.63391515427776 -63.39606712125234 20.293626710610912
129.23661557064085 -168.72811052302572 18.286747746813717
74.3894354574765 -24.060171490091385 16.815732875470744
93.69583328566934 -38.36670756743305 16.788861728526566
103.07192283103748 -61.90728896412219 16.04608918700958
79.19384308477073 -44.13933330415467 17.354137602014024
112.80483082770014 83.85803710611519 17.090172642618843
30.844651762677 -156.4100322547665 20.777673266494524
44.1750159383092 -53.104289420347094 19.942087948883714
92.58804723025791 112.32819879755293 17.00241202722806
131.98375743190962 -97.43435582855146 18.236753280557192
129.1604472797591 -124.57928874692382 18.127113894756338
102.21280227830523 -108.33582254114945 16.9433557585544
102.88622107497103 -158.76929854478854 15.83546002954234
27.90816046517774 26.014280986343728 19.78490748186217
136.43174992553 106.52478154457735 19.01761476636764
118.00644911202774 -121.70195688030172 17.095760598681597
141.44187903612783 -166.46016067154488 21.179101662802058
67.35681565226119 84.01600090590296 18.463689446657263
86.54337166197604 -16.47924944623375 15.231648521662915
53.15619453584469 7.2126715503233 19.611398438075273
