80.91437786755031 47.42132483533611 1.3465351656459779 Residue 248
162.9372878107226 62.099167308468466 3.3813178268553434 Residue 249
31.46188825475993 89.26040381508172 9.83897428914812 Residue 250
141.93071608130828 65.32023270716365 3.1815944752659244 Residue 252
144.01749908881854 83.05997719745167 2.714226232057875 Residue 254
67.2578196517524 75.84663830235459 3.880452784316596 Residue 256
144.79757994550175 97.9653665598109 4.539241774869202 Residue 257
49.04521470342071 76.87933955040123 4.108255915404415 Residue 258
50.54197106105787 56.32015409469984 5.694530268255688 Residue 260
58.82212086331803 81.5727986684111 4.218589333321284 Residue 261
123.6820570684199 63.53639066524491 3.713572043887359 Residue 262
33.758074939054005 75.55457099936177 6.225801640211184 Residue 263
38.801072615505085 93.12646644146618 7.311329442585125 Residue 264
116.54407546602661 70.84672760163053 4.198575798310674 Residue 265
120.0701854312587 69.42515136983114 5.142302229643001 Residue 266
149.01929626371623 68.38781708608995 4.642744000427032 Residue 268
35.562236619761904 74.6220518870975 5.729156527873815 Residue 269
163.8542511280309 62.645644829431916 3.2469227545409263 Residue 270
63.2068789189356 89.96283090702009 8.096118060295415 Residue 271
61.36427585051763 69.67535676001108 7.112348457408762 Residue 272
82.54802582352285 52.625188693173975 2.097654728696663 Residue 276
143.1355988115988 61.719816134247495 2.1102162863998912 Residue 278
23.92845022477187 61.33920085620456 4.177731964138129 Residue 279
157.5471888292158 68.74423521186641 4.888734825015732 Residue 280
154.9201171672851 70.35531550351595 6.329599024065559 Residue 282
58.19432932298613 83.51806438075151 5.572610189018272 Residue 283
121.82160829038277 84.0019416291189 7.883259064186954 Residue 284
76.85006682089475 80.71918230226737 3.3169720531903355 Residue 285
55.91075193634382 49.100816896926716 1.5438750079932677 Residue 288
80.31099620320512 44.219516687736814 1.1175239433342523 Residue 289
98.04289946436316 33.11345525132218 0.7213337877352555 Residue 290
69.9346589244516 61.94892524864323 1.3445156702007863 Residue 291
29.141506606706823 59.18962297170824 3.531196176801691 Residue 292
125.31500230724494 81.9362696621789 3.2141153085744403 Residue 293
49.28972574912807 60.03225312858319 4.096180782804524 Residue 294
131.2688284179556 77.58120707622 4.367380572285198 Residue 295
38.96389415547004 71.34180711534927 8.38933793172811 Residue 296
71.71254815812598 78.09181108998527 5.719068476462383 Residue 297
88.01953510593886 93.24534099417802 6.642193216889956 Residue 299
122.35975188432431 62.747286227233026 2.6875917502213147 Residue 301
85.7558494222223 76.1117448995125 3.3442520905728266 Residue 302
129.6598868670381 76.28803118208094 3.493165817785934 Residue 303
142.15019232202565 65.38908918067804 6.038873416078067 Residue 306
139.31158386042554 77.893153336792 2.6683895095773003 Residue 308
32.114989386446524 72.35820201057936 4.849329820461103 Residue 309
142.68751590845855 65.29164960389926 5.172509779838712 Residue 310
33.83362195156185 66.78370322194763 2.0310400270930997 Residue 311
113.010351751027 72.87675577371778 5.82045256068813 Residue 312
85.7841535005581 82.38135667081595 6.777792673724831 Residue 313
137.02232518375186 68.68906681100403 2.5183587878270766 Residue 315
102.97727299470506 83.74898346304968 6.982170160842389 Residue 316
29.206038789974688 86.55917337788273 4.760089865678411 Residue 319
90.54557212142649 88.99477462752048 3.968457255946929 Residue 320
44.47531988082572 103.59603041313196 9.933041593975881 Residue 321
107.0671518479516 75.29351241996109 5.2046709101084705 Residue 322
79.45937291163955 81.08269413010026 3.236625817515663 Residue 323
161.3206564066703 89.98809567960232 6.904274428897461 Residue 325
37.97570937557852 109.57587101535465 4.535368677113178 Residue 326
99.27866107796731 115.09872588581312 8.709988306101481 Residue 327
115.09951888349823 82.00922224110364 5.997577968748189 Residue 328
39.41344443152558 65.54917875940723 4.024585339224265 Residue 329
18.490594128527135 71.35517551868718 6.514122191904233 Residue 333
123.90714657619297 91.48473199335794 7.504599531595668 Residue 334
74.22449907867374 80.8830314360803 6.559421912056816 Residue 335
90.73277717443217 50.62517164667785 1.6874770899587153 Residue 336
142.16218172442493 81.94949707164103 2.767744565344406 Residue 338
30.477016574381704 65.20959413777098 2.64964482222756 Residue 339
136.62660271220304 77.01302036163472 6.293709292572696 Residue 340
136.32972433837676 85.4042502833402 3.207051019923882 Residue 343
77.22280729615056 92.94729851829543 5.992444790369861 Residue 345
141.7038376507909 98.2151660152106 7.023553555494494 Residue 346
154.91082730672687 89.13077631498913 6.850045178192477 Residue 348
92.44921001456132 79.60158618672843 6.180992565310704 Residue 350
