0.0 59.355903730149734
3.673469387755102 59.2403752422076
7.346938775510204 58.8976993271289
11.020408163265307 58.33934587767241
14.693877551020408 57.58359864235051
18.367346938775512 56.6544050493881
22.040816326530614 55.57994619145178
25.714285714285715 54.39107049531709
29.387755102040817 53.119733096072856
33.06122448979592 51.79756345332537
36.734693877551024 50.45465232222001
40.40816326530612 49.11861281412246
44.08163265306123 47.81393520714279
47.755102040816325 46.56162584511006
51.42857142857143 45.3790991870416
55.10204081632653 44.280279205579134
58.775510204081634 43.27586088822497
62.44897959183674 42.37368285209388
66.12244897959184 41.57916614257341
69.79591836734694 40.895780435613446
73.46938775510205 40.325505762915576
77.14285714285714 39.86926461146348
80.81632653061224 39.52730527783667
84.48979591836735 39.299522448078555
88.16326530612245 39.18570510066509
91.83673469387756 39.18570510066509
95.51020408163265 39.299522448078555
99.18367346938776 39.527305277836675
102.85714285714286 39.86926461146348
106.53061224489797 40.32550576291557
110.20408163265306 40.89578043561343
113.87755102040816 41.579166142573406
117.55102040816327 42.37368285209388
121.22448979591837 43.275860888224976
124.89795918367348 44.280279205579134
128.57142857142858 45.3790991870416
132.24489795918367 46.561625845110065
135.91836734693877 47.813935207142784
139.59183673469389 49.11861281412244
143.26530612244898 50.454652322220014
146.9387755102041 51.79756345332539
150.6122448979592 53.11973309607288
154.28571428571428 54.39107049531711
157.9591836734694 55.57994619145178
161.6326530612245 56.654405049388096
165.3061224489796 57.58359864235052
168.9795918367347 58.339345877672415
172.6530612244898 58.8976993271289
176.3265306122449 59.24037524220759
180.0 59.355903730149734
