0.0 59.355903730149734
3.673469387755102 59.14435035112625
7.346938775510204 58.51927189919921
11.020408163265307 57.50851992477159
14.693877551020408 56.15568102066448
18.367346938775512 54.516300928336626
22.040816326530614 52.65342513558842
25.714285714285715 50.63304659632284
29.387755102040817 48.519971376759656
33.06122448979592 46.37445967058358
36.734693877551024 44.24982178283793
40.40816326530612 42.190988196822715
44.08163265306123 40.23395488587589
47.755102040816325 38.405937080411924
51.42857142857143 36.72604109809707
55.10204081632653 35.20627227009071
58.775510204081634 33.85272396865318
62.44897959183674 32.66682699895588
66.12244897959184 31.646572423304292
69.79591836734694 30.787649923507807
73.46938775510205 30.084466395861558
77.14285714285714 29.53102562771541
80.81632653061224 29.12166053068542
84.48979591836735 28.85161573078681
88.16326530612245 28.717481547083896
91.83673469387756 28.717481547083885
95.51020408163265 28.85161573078682
99.18367346938776 29.12166053068542
102.85714285714286 29.53102562771541
106.53061224489797 30.08446639586156
110.20408163265306 30.787649923507804
113.87755102040816 31.646572423304292
117.55102040816327 32.66682699895587
121.22448979591837 33.85272396865318
124.89795918367348 35.20627227009071
128.57142857142858 36.72604109809707
132.24489795918367 38.40593708041193
135.91836734693877 40.233954885875896
139.59183673469389 42.1909881968227
143.26530612244898 44.24982178283791
146.9387755102041 46.37445967058361
150.6122448979592 48.519971376759656
154.28571428571428 50.63304659632284
157.9591836734694 52.65342513558841
161.6326530612245 54.51630092833663
165.3061224489796 56.15568102066449
168.9795918367347 57.508519924771605
172.6530612244898 58.519271899199204
176.3265306122449 59.14435035112626
180.0 59.355903730149734
