0.0 104.4328385793794
3.673469387755102 104.05678687052531
7.346938775510204 102.94565597596869
11.020408163265307 101.14893457372348
14.693877551020408 98.74408080115495
18.367346938775512 95.82982293648902
22.040816326530614 92.51824132612657
25.714285714285715 88.92667760605036
29.387755102040817 85.17037849519085
33.06122448979592 81.35651193866299
36.734693877551024 77.57987915263728
40.40816326530612 73.9203610584586
44.08163265306123 70.44192668929622
47.755102040816325 67.19290835845058
51.42857142857143 64.20720438748735
55.10204081632653 61.50608364740506
58.775510204081634 59.100313360952015
62.44897959183674 56.99239252876481
66.12244897959184 55.178734055773994
69.79591836734694 53.65169125760446
73.46938775510205 52.40136569154317
77.14285714285714 51.41716300716675
80.81632653061224 50.689083210963766
84.48979591836735 50.208743479547714
88.16326530612245 49.9701375461009
91.83673469387756 49.9701375461009
95.51020408163265 50.208743479547714
99.18367346938776 50.68908321096379
102.85714285714286 51.417163007166735
106.53061224489797 52.40136569154319
110.20408163265306 53.65169125760444
113.87755102040816 55.178734055774
117.55102040816327 56.992392528764796
121.22448979591837 59.10031336095199
124.89795918367348 61.50608364740507
128.57142857142858 64.20720438748734
132.24489795918367 67.19290835845058
135.91836734693877 70.44192668929622
139.59183673469389 73.92036105845857
143.26530612244898 77.57987915263729
146.9387755102041 81.35651193866305
150.6122448979592 85.17037849519085
154.28571428571428 88.92667760605036
157.9591836734694 92.5182413261266
161.6326530612245 95.82982293648905
165.3061224489796 98.74408080115498
168.9795918367347 101.14893457372348
172.6530612244898 102.94565597596865
176.3265306122449 104.05678687052531
180.0 104.4328385793794
