0.0 104.4328385793794
3.673469387755102 104.22660822207456
7.346938775510204 103.61490396091625
11.020408163265307 102.61822310104026
14.693877551020408 101.2692373830493
18.367346938775512 99.61073453031139
22.040816326530614 97.69305925247076
25.714285714285715 95.57131083260319
29.387755102040817 93.30255175710462
33.06122448979592 90.9432469409665
36.734693877551024 88.5470967465604
40.40816326530612 86.16336171032465
44.08163265306123 83.83571390754828
47.755102040816325 81.60159720824527
51.42857142857143 79.49204045265257
55.10204081632653 77.53184449446925
58.775510204081634 75.74005435911525
62.44897959183674 74.13062836426926
66.12244897959184 72.71322353080826
69.79591836734694 71.49402787518292
73.46938775510205 70.47658278469768
77.14285714285714 69.66255095697213
80.81632653061224 69.05239634529389
84.48979591836735 68.64595175054691
88.16326530612245 68.44285708366066
91.83673469387756 68.44285708366066
95.51020408163265 68.64595175054691
99.18367346938776 69.05239634529389
102.85714285714286 69.66255095697213
106.53061224489797 70.47658278469771
110.20408163265306 71.49402787518291
113.87755102040816 72.71322353080825
117.55102040816327 74.13062836426923
121.22448979591837 75.74005435911525
124.89795918367348 77.53184449446924
128.57142857142858 79.49204045265256
132.24489795918367 81.60159720824527
135.91836734693877 83.83571390754825
139.59183673469389 86.16336171032466
143.26530612244898 88.54709674656044
146.9387755102041 90.94324694096653
150.6122448979592 93.30255175710467
154.28571428571428 95.57131083260323
157.9591836734694 97.69305925247076
161.6326530612245 99.61073453031139
165.3061224489796 101.26923738304933
168.9795918367347 102.61822310104023
172.6530612244898 103.61490396091627
176.3265306122449 104.22660822207453
180.0 104.4328385793794
