80.91437786755031 93.70746951961895 43.46586340866092
162.93728781072267 -125.03849234298639 63.340500421460156
31.46188825475992 60.18769955346289 85.71795274961056
141.93071608130828 115.00452025127709 63.91571033114976
144.01749908881854 152.60405327752088 79.12202314690488
67.2578196517524 -68.0004084394748 74.13107447421311
144.79757994550172 -109.63490456427134 86.14564835810921
49.04521470342071 71.06214115624356 84.05679495958461
50.54197106105787 -29.990118339246635 63.41631233031986
58.82212086331803 135.26211301539158 74.6784076449745
123.6820570684199 -44.9391990259346 61.75805201384348
33.758074939054005 -140.67189030691895 86.11772025324483
38.80107261550511 85.80334530521743 90.82776321365239
116.54407546602661 -44.19040891829155 84.2420471794885
120.0701854312587 117.1953925674116 73.33160186630417
149.01929626371623 117.32478275145459 57.921863510728166
35.562236619761904 -20.067939623079628 71.29595901985299
163.85425112803088 -144.5740917055352 73.00834321115724
63.2068789189356 58.79819323683891 86.24947757482647
61.36427585051763 -136.23921402233017 77.7291793654724
82.54802582352285 -173.02766765716848 68.36018068663829
143.1355988115988 -100.39505312997025 56.064822492334656
23.92845022477187 173.1583905146634 60.79511161043982
157.5471888292158 -5.541209718252765 66.80838497848646
154.9201171672851 63.150975104406356 65.7730664880005
58.19432932298614 -99.72475702999249 78.49288809231527
121.82160829038277 96.88789992570712 83.9784383535873
76.85006682089475 -100.99425276036291 77.4820158082152
55.91075193634382 -53.8626368608931 41.30936580854774
80.31099620320512 -170.10156072617414 43.508399303772535
98.04289946436316 15.64617987550478 31.418846485778193
69.9346589244516 150.1834133690929 52.234020669156585
29.14150660670681 -72.4548322651082 57.44819796877739
125.31500230724494 22.36258350593899 69.9232487649062
49.28972574912807 -139.40702730214846 69.39212636580334
131.2688284179556 20.783911528833876 67.68026996715683
38.96389415547004 170.89970852258045 80.85731981396854
71.71254815812598 -41.10904960676429 74.41707122275893
88.01953510593886 -83.56169343177777 95.17696990824084
122.35975188432427 46.315168159593696 62.58176572256964
85.7558494222223 80.59435342775016 73.357964222982
129.6598868670381 104.65981212405734 68.01776091453827
142.15019232202562 39.37336927544241 65.29967559617805
139.31158386042554 127.80100333942015 76.15290031285853
32.114989386446524 -42.72701729345077 72.74228150592039
142.68751590845855 161.36072261677066 65.02692995943792
33.83362195156185 -69.43783131975852 65.82215464038727
113.010351751027 117.89117377611962 70.40690191076676
85.7841535005581 -72.86751395452907 86.18320363754681
137.02232518375192 119.61071096204985 71.06821116130438
102.97727299470507 -61.663781647812655 76.94634525079829
29.206038789974702 86.43128962829341 71.21662650765278
90.54557212142649 66.23343084553068 77.44272109729982
44.47531988082572 137.45571030975466 73.99015568747623
107.0671518479516 95.90692968600871 81.15920936187526
79.45937291163955 151.52170806577507 71.67669846698038
161.3206564066703 -29.136545868201452 77.01128426111656
37.97570937557852 34.927105415406324 89.38888290161034
99.27866107796731 -98.86939061454075 112.46730552873068
115.09951888349828 82.39532507367498 75.73641297147306
39.4134444315256 -117.89322312363258 61.14493755577284
18.490594128527135 139.46809339767591 67.84377028595438
123.90714657619297 -92.04786412918598 76.45365789002626
74.22449907867376 -98.66000740623517 86.5551231401656
90.73277717443217 -77.97458786710146 29.527761897061986
142.1621817244249 -177.23011902835268 72.39577023976015
30.477016574381704 146.18229092237064 66.3457971876037
136.62660271220304 8.96114622558957 48.793557621381446
136.3297243383768 70.04786856644238 74.42063646461507
77.22280729615056 88.06808512534742 85.26169945060671
141.7038376507909 -109.66914689669245 89.90148022547231
154.91082730672687 -147.24463044629184 86.6553520196981
92.44921001456134 75.00402024044558 74.77280972213191
