67.36409144554229 4.973388957291792 0.1274511609281542 Residue 3
111.62700348122796 5.0177510013896285 0.19087032252349387 Residue 4
89.13614009470591 4.9808928848247795 0.12481338759118277 Residue 5
103.18956315847547 4.919082627648157 0.15289934109563505 Residue 6
101.11504655567242 5.019424528422316 0.16264239537285 Residue 7
99.97262928539487 5.1629523553054435 0.17198945553307438 Residue 8
109.98258748169786 4.958147639154902 0.031660905415307854 Residue 9
84.1112471661025 4.800065065655076 0.024673503569752533 Residue 10
107.25170206425238 4.931466832702138 0.015546782429463672 Residue 11
71.7052155665304 4.980076567017782 0.08297589122990699 Residue 13
98.87325125290033 4.826794978978668 0.1599301614569091 Residue 14
103.62119947408009 5.041616534950702 0.1546878575970525 Residue 16
68.0899368629589 4.75463320953767 0.20180887928895636 Residue 17
123.44006200700383 4.885626446761651 0.07414487234692445 Residue 18
59.5637250069254 4.840156963927147 0.11559432669201482 Residue 19
128.01868125591037 4.9098656457563425 0.057639947720325206 Residue 20
55.507764874816516 4.982855757546569 0.03316380813730737 Residue 21
32.78923530725353 5.007837493337105 0.16350891883304092 Residue 22
139.76019206064015 5.674664792909743 0.22834190144816985 Residue 23
155.46269745985984 5.946367740842429 0.2003355002183901 Residue 24
146.6195926807511 5.602955698062296 0.29347970230671033 Residue 26
160.37400359744154 6.016040926268666 0.24788939898948267 Residue 28
162.3132856622845 5.844980235803737 0.25727277322555553 Residue 29
148.09478408809537 5.602790399305899 0.19299867304963852 Residue 30
147.9246720101755 6.092780005986078 0.23735813595273575 Residue 31
167.7401274628552 5.907633961946141 0.19226620390048704 Residue 32
160.22984703214706 6.057238760173602 0.22449365500832086 Residue 33
146.44670650950187 5.933388080856598 0.2458014132794927 Residue 34
166.15694284286877 5.771102593301105 0.05762209746358581 Residue 36
137.12389284325633 5.2213467765159205 0.10231948471178759 Residue 37
113.48038387693775 4.976109166568914 0.027252452757368317 Residue 38
59.00964805936984 5.154692303321153 0.043946805399923614 Residue 40
132.08880051130654 4.386626471265309 0.025993472371684048 Residue 41
76.0958628667015 5.382302113331547 0.13864278765565258 Residue 42
78.29930267513046 4.876210201598566 0.06289325833734613 Residue 43
80.85456429988236 5.0528673883857405 0.0670216657151273 Residue 44
92.94111453390643 4.6943695198310325 0.08127890336590672 Residue 45
74.4997081332466 4.970005290985566 0.16540342094877844 Residue 46
78.5037744804659 4.4825452195836695 0.02317982367192634 Residue 47
54.80237083840322 5.256254790873688 0.026409515492007398 Residue 48
107.52082198513594 4.470481922420291 0.03958200808152244 Residue 50
110.06542909451215 4.9888782225280845 0.10482344934478746 Residue 51
98.09085873510185 4.934754234217432 0.1828146099845868 Residue 53
93.13412223397951 4.74132824964081 0.0859234059574658 Residue 54
102.06727715766063 5.045249115159414 0.06924930710758868 Residue 55
