0.0 22.872607552074058
3.673469387755102 22.83979921616929
7.346938775510204 22.74234213186626
11.020408163265307 22.583086232206178
14.693877551020408 22.366607184706965
18.367346938775512 22.098962605152938
22.040816326530614 21.787383198496972
25.714285714285715 21.439925655157953
29.387755102040817 21.06511507184421
33.06122448979592 20.67160244116984
36.734693877551024 20.267858116379998
40.40816326530612 19.86191610492572
44.08163265306123 19.46117758992346
47.755102040816325 19.07227606644176
51.42857142857143 18.701001485405996
55.10204081632653 18.352277106840805
58.775510204081634 18.030180411214666
62.44897959183674 17.737998260548444
66.12244897959184 17.478306299613642
69.79591836734694 17.253063072271
73.46938775510205 17.063710247719598
77.14285714285714 16.911271500956314
80.81632653061224 16.79644382158569
84.48979591836735 16.719676239283864
88.16326530612245 16.681232101466396
91.83673469387756 16.6812321014664
95.51020408163265 16.719676239283864
99.18367346938776 16.796443821585694
102.85714285714286 16.91127150095631
106.53061224489797 17.063710247719598
110.20408163265306 17.253063072270997
113.87755102040816 17.478306299613642
117.55102040816327 17.737998260548448
121.22448979591837 18.030180411214666
124.89795918367348 18.35227710684081
128.57142857142858 18.701001485405996
132.24489795918367 19.07227606644176
135.91836734693877 19.461177589923455
139.59183673469389 19.861916104925726
143.26530612244898 20.267858116380005
146.9387755102041 20.67160244116983
150.6122448979592 21.065115071844218
154.28571428571428 21.439925655157943
157.9591836734694 21.787383198496972
161.6326530612245 22.098962605152938
165.3061224489796 22.366607184706968
168.9795918367347 22.583086232206185
172.6530612244898 22.74234213186626
176.3265306122449 22.839799216169297
180.0 22.872607552074058
