0.0 91.56803956311455
3.673469387755102 91.36370687579026
7.346938775510204 90.75789255094509
11.020408163265307 89.7716490113586
14.693877551020408 88.43846122586814
18.367346938775512 86.80204270440237
22.040816326530614 84.91361176858805
25.714285714285715 82.8289327410841
29.387755102040817 80.60539954358045
33.06122448979592 78.29939595688913
36.734693877551024 75.96410078338744
40.40816326530612 73.64783219793097
44.08163265306123 71.3929564391303
47.755102040816325 69.23533024422508
51.42857142857143 67.20420794582955
55.10204081632653 65.32252285257778
58.775510204081634 63.607445742569695
62.44897959183674 62.07112710940621
66.12244897959184 60.72154020854616
69.79591836734694 59.56335553026308
73.46938775510205 58.59879153052718
77.14285714285714 57.828399643813526
80.81632653061224 57.25175291254593
84.48979591836735 56.86801669956537
88.16326530612245 56.676386984432874
91.83673469387756 56.67638698443287
95.51020408163265 56.86801669956537
99.18367346938776 57.25175291254593
102.85714285714286 57.82839964381353
106.53061224489797 58.598791530527194
110.20408163265306 59.563355530263095
113.87755102040816 60.72154020854617
117.55102040816327 62.07112710940619
121.22448979591837 63.6074457425697
124.89795918367348 65.32252285257779
128.57142857142858 67.20420794582954
132.24489795918367 69.23533024422508
135.91836734693877 71.39295643913032
139.59183673469389 73.64783219793097
143.26530612244898 75.96410078338742
146.9387755102041 78.29939595688914
150.6122448979592 80.60539954358049
154.28571428571428 82.82893274108407
157.9591836734694 84.91361176858805
161.6326530612245 86.80204270440237
165.3061224489796 88.43846122586815
168.9795918367347 89.77164901135856
172.6530612244898 90.75789255094504
176.3265306122449 91.36370687579026
180.0 91.56803956311455
