0.0 91.56803956311455
3.673469387755102 91.39684735579046
7.346938775510204 90.88883975321875
11.020408163265307 90.0603723641039
14.693877551020408 88.93757162993865
18.367346938775512 87.55476403520306
22.040816326530614 85.95251230051038
25.714285714285715 84.17544813387285
29.387755102040817 82.27009174983976
33.06122448979592 80.28282555669762
36.734693877551024 78.25815028718682
40.40816326530612 76.23730500511714
44.08163265306123 74.25728587001058
47.755102040816325 72.35025830179723
51.42857142857143 70.54332670177635
55.10204081632653 68.85860616593422
58.775510204081634 67.31353084117845
62.44897959183674 65.92133179882919
66.12244897959184 64.69162119818543
69.79591836734694 63.631026845112025
73.46938775510205 62.74383016214086
77.14285714285714 62.03256972432013
80.81632653061224 61.49858101695066
84.48979591836735 61.142450488765036
88.16326530612245 60.9643681695044
91.83673469387756 60.96436816950441
95.51020408163265 61.14245048876502
99.18367346938776 61.49858101695065
102.85714285714286 62.03256972432014
106.53061224489797 62.74383016214085
110.20408163265306 63.63102684511203
113.87755102040816 64.69162119818544
117.55102040816327 65.92133179882919
121.22448979591837 67.31353084117848
124.89795918367348 68.85860616593423
128.57142857142858 70.54332670177635
132.24489795918367 72.35025830179723
135.91836734693877 74.25728587001055
139.59183673469389 76.23730500511714
143.26530612244898 78.25815028718684
146.9387755102041 80.28282555669765
150.6122448979592 82.27009174983979
154.28571428571428 84.17544813387283
157.9591836734694 85.95251230051042
161.6326530612245 87.55476403520306
165.3061224489796 88.93757162993865
168.9795918367347 90.0603723641039
172.6530612244898 90.88883975321872
176.3265306122449 91.3968473557905
180.0 91.56803956311455
