63.43514244764468 89.36493772747997 50.92231645780024
172.1310609109119 146.71432013663437 60.93252011741702
15.923142953747002 32.551806316485084 134.7050235301087
99.15696037896791 123.15857405984833 105.08610619920675
82.89003544881243 -76.05575756110703 74.35276996741828
162.1433876343448 -125.14208208898768 127.31895978347261
31.49945631554291 60.801535524289896 114.1658866592502
150.32755705244617 -115.89632736850463 89.63522729591212
58.754311200700435 -47.12615684607945 71.11285262071793
49.674515120736594 140.85816995552779 95.93920369603991
132.74330887638956 -38.24158064445111 73.0941035466542
48.43921368234764 -134.19493068938004 103.09293301718198
20.95763562836571 83.63074975554157 93.6073526717854
125.78005847317512 -40.43844514672281 67.55877899047701
105.13136034107019 107.32118440741976 85.2594329283814
78.97468280678476 -58.2196644945512 85.18135355685718
133.4384812981412 100.22465195131463 82.5280980211863
42.35579361849254 -46.64442021572769 91.4181427409061
46.90961598219008 47.77219465388593 103.94822656994108
76.04550364950377 -137.82645201915744 85.37572786069772
141.71553726344968 -72.9975299693573 104.84857105162322
87.69476080060004 -177.21785798188756 67.66057702386789
161.0678209798601 -107.4001409576156 79.16476755439287
30.08697577001938 -158.45248313908647 68.97213607597791
150.75027839006333 24.211726529742382 87.30535072946753
65.88831969188473 -147.6546493124968 80.599265101342
137.51657159940817 64.30683352163283 80.20661229285942
76.13691111815648 -105.28314327128882 104.01716422873555
104.45516778909065 89.2514095093274 92.29056605896567
94.78218779185794 -106.61534770344524 98.1384898056344
155.9761656101891 91.78377624001823 60.05748009757981
69.34882218309473 -65.78382106014912 52.45634143672467
86.40931382178599 -173.78940447126905 53.53962306838643
90.38632926015556 11.18319619710298 41.87320789489618
45.852243525979404 -86.95138557373858 72.56784169063017
114.81989831653566 25.23163946686808 95.96340395512702
63.69565788329648 -137.86775369291323 81.17292504800382
120.87021579154259 25.9228740011372 90.36421488150943
42.213006098879205 -173.86969110408975 95.86211212379989
81.82076697116916 -50.30556518720384 97.67254819453971
105.31784125580822 -88.66537434365344 126.61273302569491
67.81233814408016 74.8789563657682 93.59656460954552
112.93226156605864 94.96248449670868 82.79291831163037
37.72738251929226 -27.515121598427797 93.22263295051422
143.47945994473912 72.61182594865471 62.786104605025955
161.43558848387292 -75.99174536856844 85.3084887985485
44.4040985900379 -65.40086103173812 89.28189358695438
136.45362844431702 135.61308523956737 84.21826006062948
98.31178106267342 109.29262561521891 103.20994543112067
101.90727182336583 -78.00069482155024 120.49765673230777
122.10745265816979 105.52415446258512 82.00460449385261
116.9302032790566 -63.178508425830536 79.08510306356591
50.48986141657192 -149.34623335824003 86.13163716335796
11.44550002464081 88.5222341350846 117.453329090042
73.22551421006285 59.882876491609146 96.81134892724182
36.99684549792128 151.0546659067169 98.30811906492966
89.67740092311664 89.57408488437105 89.48141138160958
73.98378043295153 149.9213650217901 102.06690944698651
159.30855323314987 17.286960189642326 91.58149289583663
28.233513678814052 5.525376068382332 123.87609823250611
117.22314462277562 -104.54496769398578 148.65958480019856
97.15867984267337 76.61817900507988 110.10678909889829
56.624541877466186 -118.87740853908412 83.32329150350853
133.0098999080736 45.43664223052396 77.10564968137916
17.52259533039658 -168.1504820825932 83.7119989303659
141.68624388873124 -95.40643915224281 98.61375335148999
92.16891869391613 -104.3367201990963 111.67228441490712
107.46142678044313 -82.5891924360286 55.745627333260785
172.78075361051614 7.319914067307176 107.95927558685572
27.633491922507535 173.14402894260007 85.49470445305306
128.82211929771833 18.43428182207769 76.12262238185757
118.64603927033592 66.77064979414203 112.70805234706394
59.422934625691305 83.31780979588738 88.42244561010342
159.09377060425618 -123.56721578059667 124.7286822125445
161.49494602223183 163.46392120169432 110.61750030471288
74.61076229508264 69.1088066318422 85.23467611807719
112.74068474626989 -125.95776111251683 50.922320028280964
15.531607583130544 -170.67593578538632 60.932520674664076
157.03711004295843 -59.32356710745611 134.70502617051974
90.69006472358853 -152.78259676910722 105.08611003747711
87.90685375048928 35.110652407328125 74.35277312610305
24.622221931492476 85.91736608684184 127.31896175890759
149.56315923500247 -81.1616023460824 114.1658861535912
43.1783757850094 157.5342772084066 89.63522993420382
105.06045582369173 1.2704265642760306 71.1128550994168
82.8472222866721 27.91131119004322 95.93921150689327
143.87550920676063 -104.68652860949236 73.09410179097705
134.38516721891028 107.64463018488671 103.09293179810129
163.315017864012 -102.58506973969924 93.60735162524904
47.61427656472115 12.719161028019684 67.55877672998876
82.08017950530987 -145.79212142034197 85.25943601276882
112.06422533393226 17.362922090991827 85.18135300085964
44.39074868675006 -145.77828018021813 82.52809800146963
121.78318543302453 2.3157282622935385 91.41814585381215
133.54461789161832 -67.67454504035318 103.94822595029977
115.77051308184923 106.74382807234586 85.37572464225862
34.16847458740137 55.580628479290596 104.84856874431837
103.89824926335882 136.47490184783484 67.66057362223675
20.20530433863255 -67.90680074119673 79.16476812595216
153.90289532243594 113.95625785509067 68.97213522661723
38.917991213477734 -70.10662256431965 87.30535375537043
123.02000014307161 118.31169787327664 80.59926079877647
50.6044575533449 -104.31429164478602 80.20661451488142
105.64611366111565 79.18103564096326 104.01716395247284
90.16127961095981 -123.52497507330814 92.29056915391175
84.19689128113261 45.06808225068666 98.13849206425938
115.80347752943271 168.61316365726017 60.05751033028154
144.8276011143595 -37.22904123261312 52.45632083508884
108.15464483553221 150.60667438613083 53.53961823735381
82.46303375412924 -114.57451185132233 41.873204552470774
152.181063351998 93.64434137115845 72.5678332699262
46.07063632395853 -67.31113794206446 95.96339387293398
126.86938590336484 79.46005339066123 81.17291988890847
54.705577705125556 -77.65239171250411 90.36421231129047
139.76400985093767 140.24309035600731 95.86211189812714
99.96205060262146 18.201977114167068 97.67254915376971
62.90518835501026 55.99691774081096 126.61272976972093
116.28030871719942 -108.47354715124047 93.59656321948196
67.0284799180703 -137.53130400702577 82.79291944138764
137.2636147599229 -6.669316090749477 93.22263473604856
34.396135733192175 -118.56887052070358 62.78610425021171
15.335129141388002 29.923053872276313 85.3084883353395
133.1214301519723 18.986261443995968 89.28189486587219
54.78359852630089 -168.09660689704086 84.21826399174023
85.75339330855566 -147.79224668535264 103.2099483660431
66.58332702432804 33.67084154326659 120.49765544319966
57.25696312999511 -134.1119964778929 82.00460501175765
67.57979176895626 16.56690724177011 79.08510675086346
160.75701350057648 83.5699073557572 86.13162924052081
140.55689187445188 -46.622572583438036 117.45334418280889
74.4772482222092 -146.2602710103525 96.81135130177563
51.64548074477273 97.94402183006017 98.30813264367679
145.83672365873582 -126.45199595381244 89.48139122342171
36.94787487550696 26.78279089376883 102.0668830354947
9.158502558862567 139.92341748397487 91.58149046940026
146.6490810541466 -16.781566132181528 123.8761026386825
60.10668629634238 68.65949154944435 148.65958376719496
82.26919306693851 -107.96496097705007 110.10678912337693
116.25055623244853 70.99518783842629 83.32329275539445
43.74057437768856 -90.12377486880351 77.10564857283079
163.56831197832122 106.95018836056316 83.71199855710456
43.25029501745602 65.12805068375278 98.61375623303492
80.81745309677696 76.36406097454616 111.67228403030383
69.60559998789124 72.3033578662894 55.74562623529745
16.250854250493852 102.51599908255349 107.95927670907987
159.35786213038423 147.12674356188379 85.49470144196258
52.22010109560757 -49.483413081920816 76.12262210882845
51.22609413070929 -114.7276390998223 112.70803946917276
136.09612483761381 -93.48170234452334 88.4224379864703
41.58926483353092 88.72853969152605 124.72869317263911
27.882699540528574 166.1129190254874 110.61750246139135
131.37775359573624 47.27341523942046 85.23467044555503
