[0.9906511607064199, 0.11504992924956321, -0.07330614961034063]
[-0.2692624234768483, -0.3993555044825136, 0.8763634681699662]
[0.4574364634199386, 0.4965864310099326, -0.7376678103799003]
[0.7581674594031282, -0.5852520739252176, 0.2875101971555748]
[-0.8738207291732636, 0.29093449190169335, -0.3896080783159013]
[-0.5545624102222414, -0.438562199643648, 0.7071942662467107]
[0.704887605870723, 0.47911925674401407, -0.5230470350808845]
[-0.7036598182147037, -0.4471279079138795, 0.5522132687600032]
[-0.4485428744107495, 0.7241780648082878, -0.5238085721576783]
[0.7239869369245232, -0.39062572020504455, -0.5685547131780164]
[-0.7090660846243456, 0.3668646263925955, 0.6021923559273412]
[-0.22501687399254525, -0.2914991322176189, -0.9297288111782909]
[0.6568915717943249, 0.299616688702431, -0.6918983326736465]
[-0.7460505447436309, 0.43502674816113346, 0.5041431474016892]
[0.7906879743443693, -0.3758663206936607, 0.48325669803470717]
[-0.7523819686847183, 0.5727546228186526, -0.32538210651166843]
[0.4348601301411231, -0.3425549138375785, 0.8327981737608307]
[-0.23400716625848722, 0.6704814024536658, -0.7040563436994501]
[0.7052559009057082, 0.6532037287693975, -0.2755703230745889]
[-0.4650462828483587, -0.6000924741558527, -0.6508617190082943]
[-0.8432821822125646, -0.03865467180226498, 0.5360792642050933]
[0.04907111069921907, -0.9415519365412645, -0.3332746268321964]
[-0.61375184414333, -0.3592193067728535, 0.7030435003982984]
[0.170170367310698, -0.18953106778317277, -0.9670160393883405]
[-0.15588613079824418, 0.16724207410142677, 0.9735140486274482]
[-0.24977012426606565, -0.6055351331996626, -0.7556070986200308]
[0.28459949243273774, 0.04917711817771258, 0.9573843219704212]
[-0.7685680954539333, -0.14961458924835921, -0.6220277785873863]
[0.8141652509537702, -0.0868306729373469, 0.5741039787152077]
[-0.8970057258605688, -0.27073635233832716, -0.3494031415083314]
[0.0591522087239138, -0.2886219839459953, 0.9556141305915062]
[-0.7026301710687812, 0.4928594243439022, -0.5132255162589371]
[0.0010218508809627617, -0.9278405999130548, -0.37297557155095235]
[0.09971725947971646, 0.9310335961626676, 0.35104545429084466]
[-0.42624704594350116, 0.2584251413812015, -0.866908243199097]
[0.14720258414979911, 0.6527673214366979, 0.743119252397608]
[-0.35154810710345497, -0.49070256616524005, -0.797260885752478]
[0.10741829911105845, 0.5790357837796105, 0.8081948218832011]
[0.2473256166961328, -0.42178766996725775, -0.8723102663556526]
[-0.7110220086846875, 0.6667760660313674, -0.22328766408766473]
[-0.993984833451623, -0.028991224309004315, -0.10561088855423158]
[0.9471232096221044, 0.3163925689410065, 0.05341692722380956]
[0.72498781105613, -0.21443301453772942, 0.6545312491365887]
[-0.02894094335806265, 0.7565989477893664, -0.6532384357962788]
[0.23260663140303608, -0.07890180889001498, 0.96936508064878]
[-0.627806525509582, -0.19332777933034262, 0.7539783393883308]
[-0.3653643016819939, 0.5035272729062822, -0.7829235036042738]
[0.23395784203354208, -0.6946589670951852, 0.6802298490843066]
[0.8463838929790579, -0.3801554773550028, 0.37298273249924657]
[-0.9815343220459524, 0.16070717397229195, -0.10374766927325126]
[0.5923499353729134, -0.39353352107819894, 0.7030312381761568]
[-0.9336796710311754, 0.274853883313473, 0.22955961040788442]
[-0.08969863462118911, -0.4392140040072007, -0.8938932898456377]
[0.5294334548751322, 0.2842872247967596, -0.799300313196697]
[0.8353418916864869, 0.5207867155152658, 0.17602590984415664]
[0.5949091664895364, -0.2795356324468867, -0.753619873556453]
[0.9339522683794995, -0.018514472280651565, 0.35691788229921523]
[0.6131423192992759, -0.7284962132691402, -0.3055319353796397]
[-0.2583189114165548, 0.04798809816828977, 0.9648670801922702]
[0.3146454804608204, 0.7051338454626881, -0.6354403839925357]
[-0.9457435649455005, -0.32306111000832305, 0.03465008750877982]
[0.8379280915302785, 0.1571115171619259, 0.5226781845452354]
[-0.456022254824194, -0.20594553443673075, -0.8658118386523871]
[0.20467141353277066, 0.27835312240457355, 0.9384184310477507]
[0.3015199481504552, -0.003055945420443925, -0.9534549711784684]
[-0.8469869941695223, -0.2670404241545311, 0.4596764553194407]
[-0.8963611441167747, -0.22127315100482778, -0.38415477605004633]
[-0.9976576965125977, 0.05627812646994114, -0.03888306919741434]
[-0.3441284627224202, -0.1694961085050722, 0.9234969790670355]
[0.4003246134750151, -0.18452462652364005, -0.8976028442760144]
[-0.05016761859488542, 0.5180574491635069, 0.8538733450639612]
[0.5556373089173994, 0.16977806661364886, 0.8139057617660425]
[0.9684054613408546, 0.2203250520510901, -0.11682351597127666]
[-0.5901260997085237, -0.452055001856443, 0.6688777629278587]
[-0.22496613194085138, -0.5690319807915625, 0.7909442738372927]
[0.9058167016301063, 0.3813965059495134, 0.18447983168210494]
[-0.7887338246316888, -0.6099405353693239, -0.07662569539815536]
[0.3197519718886578, 0.028422397501212584, -0.947074888165449]
[-0.6528719591107665, -0.06802864892756053, 0.7544072560175707]
[-0.3593398557462148, -0.8415309442261832, -0.40336154747580744]
[0.4832369218325164, 0.776849228768729, 0.4037169220372928]
[0.7050364398691524, 0.2811995049189066, -0.6510379842144333]
[-0.7764417005927177, -0.1624397768345284, 0.6088937546753433]
[0.5512137139103994, -0.40004129610288514, -0.7322092617615733]
[-0.14898626542868593, 0.8472960401250511, 0.5097965408886382]
[0.4065553111603446, 0.8621424186415367, 0.30236274397854734]
[-0.8040387446280998, -0.36212432009967704, 0.47157997617500275]
[0.40642948866416606, -0.4290089047010664, 0.8067009547728179]
[-0.5933300358015963, -0.33054026215936055, 0.7339636256023166]
[0.3309839662494776, 0.8805807990958299, -0.3391564098605749]
[-0.4050474054249801, -0.7282348365252355, -0.5528206058293735]
[0.05472601924809798, 0.7293294488256168, 0.681970393707072]
[-0.06903702803350202, -0.33488110613266114, -0.9397279039784159]
[-0.2214948521431537, 0.6583883678383613, 0.7193502537493269]
[-0.8898206157445988, 0.08144811128097214, 0.4489827134363475]
[0.6721130850419905, -0.3979884128949552, 0.6243950865571355]
[0.6976911717995644, 0.5314285095139935, -0.48042769286198134]
[0.5954728444148368, -0.7612230176024706, 0.2568104535191126]
[0.021297670592525936, 0.4056699160480998, -0.9137714858983398]
[0.07328294569850811, -0.44275113026182367, 0.8936448100457066]
[-0.29433075533031644, 0.44664177557117846, -0.8449145109307274]
[0.528642356973014, -0.5588207592411546, 0.6389496204358808]
[-0.45968278825517395, 0.02209001957290014, -0.8878084056919139]
[0.7726836223321065, 0.06872927098911173, 0.6310596699909128]
[-0.7340973990756217, -0.5063441893901068, -0.4524561531698771]
[0.6359991103345389, 0.6822349099549765, 0.36063923703945505]
[0.08349595532490922, -0.9754771366007619, 0.20364867152416988]
[-0.64945485526454, 0.21066178058422477, 0.7306367121726085]
[0.3918011466672431, -0.8951070583129025, 0.2127797350046655]
[-0.7615471539514026, -0.33164150252722546, -0.5568301770827466]
[0.12555452988356733, -0.2980644124065251, 0.9462524325371477]
[-0.39789662742733295, 0.48541353269267873, -0.7784934014882643]
[0.5106500308924181, -0.055820043862728756, 0.8579747482605391]
[-0.5543134622063698, 0.35656392762997413, -0.7520629967827654]
[0.15654666472084602, -0.7080411240969046, 0.6886006886086964]
[0.15091723098442092, 0.8362468483999763, 0.5271766287811914]
[0.8085581100171101, 0.5884163345162665, 0.0]
[-0.9260876517087072, -0.37721883260498684, 0.008222753844249548]
[-0.38789502171896073, -0.5192295566316774, -0.7615366830597976]
[-0.3860552818419409, 0.4334113964145516, 0.814319274498601]
[-0.15067799068810606, -0.0050904726583809595, -0.988569790257779]
[0.44393891479272984, 0.49586754932123916, -0.7463468452822735]
[-0.07446269800855321, 0.45504982116337606, 0.8873471512685812]
[0.10993859894517209, -0.5924468943156438, -0.7980727923427293]
[-0.40188881360513, -0.7710538561279191, -0.4939244197742479]
[0.5529672204493, 0.8320542544990367, 0.043737520261528016]
[-0.32588108577929004, -0.38634329980752385, -0.8628675290130836]
[0.30885223009985213, 0.9511012383869628, 0.004090758014568949]
[-0.02971539205979213, -0.24796982339548165, 0.9683119136724212]
[-0.7374058038283081, 0.2055234663330983, 0.6434227111835225]
[-0.34059003863197373, -0.6739989619915887, -0.6555332370055172]
[0.951350169876257, 0.055478303642894286, -0.3030759180491313]
[-0.6855798878608417, -0.5472432932776494, 0.4801093576710919]
[0.490692645228788, 0.7380835205316305, -0.46309118393466425]
[0.4527026305632798, 0.167591944497468, -0.8757701002093211]
[-0.4842028149789382, 0.2650373303042601, 0.8338482161110993]
[0.9031074287899914, 0.4245642969828812, -0.06435937998273641]
[-0.8072023137011579, -0.22754044812239677, -0.5446556427907054]
[0.6117615616985705, 0.12770780075861898, 0.7806654272180388]
[-0.3904824611981597, 0.22735662884383448, -0.8920943956876954]
[-0.07849818741152123, -0.36496559861461436, 0.9277058512270911]
[0.8128677135140038, 0.4703385512156498, -0.3435516374096899]
[0.9321633927107568, 0.2428151883882325, 0.26853713631071324]
[0.9325111730915561, 0.34943550552112257, 0.09120164220345846]
[0.5974348669238277, 0.21351624109992642, -0.7729698535973226]
[-0.1270218474143843, -0.5603302462553789, 0.8184714200329926]
[-0.38605074702533, 0.6855201919473597, -0.6172737538188707]
[-0.4138848973149488, -0.1106424973020166, -0.9035803946331326]
[-0.8956443878302365, -0.230773298566932, 0.38021680028207405]
[0.880866342330692, 0.21332684304416138, -0.4225708756951425]
[0.45213269939154777, -0.1804429820700913, -0.873508072293877]
[0.24061185200054072, 0.2798532699233801, 0.9294020034355756]
