71.07387243215993 50.92231078758202 1.4147669504685718 Residue 248
163.5080753771332 60.93252246233063 5.0882936028596975 Residue 249
27.96736321936404 134.70503322829063 16.80550206153825 Residue 250
99.66404190356316 105.0861074506033 3.1455750405075427 Residue 255
78.41725456173407 74.35276427939847 3.6581574763669957 Residue 256
150.45628467342726 127.31896618032016 6.283477838012184 Residue 257
42.75447380713985 114.16589067833522 6.392239834908922 Residue 258
139.28547471568393 89.63522908903327 4.755068388265464 Residue 259
60.81605653759675 71.11285436656371 6.288371716881539 Residue 260
47.76419137559112 95.93920476203999 4.11326321279322 Residue 261
134.74560155254835 73.09410406993447 3.5274867406407524 Residue 262
36.57355214610746 103.09293015815106 8.669636488311273 Residue 263
30.421493830395008 93.60735722148877 7.051605334953467 Residue 264
127.58251166273253 67.55878043680733 3.790107919024835 Residue 265
108.7682287998078 85.25943007961503 6.750054285034617 Residue 266
78.22228662731895 85.18135384661488 7.275375846172621 Residue 267
137.70669875049282 82.52809759203846 4.874680376165198 Residue 268
45.08907510494388 91.4181449315297 6.474720102842125 Residue 269
58.776074662408504 103.94822912991144 9.30695261026 Residue 271
64.04610779301935 85.37572353046124 7.09434591280765 Residue 272
136.40858595366691 104.84857371306472 6.422240769171903 Residue 273
77.70888933131893 67.66058100897561 2.4092062206478384 Residue 276
150.4819192531633 79.16477603188068 2.821580334485896 Residue 278
18.67638349505267 68.97213615722342 4.1692198001457 Residue 279
162.35934863058242 87.30535091996188 6.434251055025207 Residue 280
53.863584247314925 80.59926067599257 6.793010156213634 Residue 281
147.78917384977723 80.2066101483222 7.983949358010498 Residue 282
66.80641715536599 104.01715962845459 6.330344726179338 Residue 283
111.51578656919973 92.29055806659905 7.3957246872649005 Residue 284
85.11483528726856 98.13847612798831 5.20688133010088 Residue 285
160.34522968385087 60.0574842444742 1.8862960473928865 Residue 286
67.25089378161593 52.456340419616154 1.5551356379701227 Residue 288
76.04186687100571 53.53962697534605 1.1821375815136563 Residue 289
101.26715463627583 41.87321027400483 0.8497274671509735 Residue 290
40.18909039871516 72.56783992234874 4.592554165286555 Residue 292
126.61698028698652 95.96340019435767 3.640062476036207 Residue 293
51.69892825521704 81.1729192047387 4.651212491275525 Residue 294
132.69080017233537 90.3642122793829 4.728326181355908 Residue 295
32.28969490890196 95.86211208641224 10.09770656021392 Residue 296
82.65610513470862 97.67254991555693 6.677524224623088 Residue 297
98.16899971688593 126.6127266771367 10.046170977678536 Residue 299
77.43784526252583 93.59655955300394 4.684113820038228 Residue 302
118.80796217025015 82.79291449207706 3.8267027510970815 Residue 303
44.145569214863094 93.22263857351953 13.375613099614473 Residue 304
152.42955085693674 62.78610392039291 3.9704886333208727 Residue 305
154.3591242669283 85.30849197772574 4.3289645894118856 Residue 307
43.20107424481706 89.28189496207533 6.789364706575914 Residue 309
133.32746795246624 84.21826408989756 5.555439994322007 Residue 310
101.69762471385506 103.20994181813862 8.778166736926428 Residue 312
96.70648574014079 120.49765215390694 10.65391760812757 Residue 313
125.68391352606984 82.00460339798848 3.5519880468296 Residue 315
114.29216989409133 79.08510215589936 5.652560803525277 Residue 316
38.50735848251797 86.13163502096357 6.410091733239704 Residue 317
21.104272217208692 117.45333741541523 7.627933131808891 Residue 319
84.34645041833228 96.81134172421478 2.776168306199275 Residue 320
33.57420960240512 98.30812377012536 8.650333685718946 Residue 321
96.9041740987825 89.48140299019738 4.847116984841461 Residue 322
69.54591215268914 102.0669154828129 3.867763167437345 Residue 323
169.91182279108006 91.5814946747773 5.659450786065884 Residue 325
39.02445135874765 123.87611552068185 4.735401546767177 Residue 326
107.62214073728671 148.65958043578883 11.083841858415857 Residue 327
106.29352810181032 110.10678600933655 8.00128881455294 Residue 328
45.83812824030982 83.32328830669032 4.942406479886591 Residue 329
144.88858738345925 77.10564757203454 3.758220315992759 Residue 330
8.23083010910043 83.7120010452552 6.598860670426184 Residue 333
132.89651829950333 98.61375573147805 7.165272578356245 Residue 334
82.81746737315493 111.67227965142214 9.040563242607524 Residue 335
101.32331045605092 55.74561921190098 1.4847064373424506 Residue 336
173.25801417373285 107.9592787976151 7.683629776855479 Residue 337
20.483439154928245 85.49470658439277 3.331172287440688 Residue 339
140.15537075113062 76.12262097728394 5.555409872180796 Residue 340
128.8505780114378 112.70803032115164 4.367339822955912 Residue 343
68.0241331636808 88.42244230029516 4.463645948580713 Residue 345
147.5028706280897 124.72869049473461 9.518905229614376 Residue 346
152.56553476251415 110.61750524847136 6.544069318571843 Residue 348
84.85415730067928 85.23467228017296 5.707146037643587 Residue 350
