0.0 47.946873252038785
3.673469387755102 47.85067212265137
7.346938775510204 47.5651346801867
11.020408163265307 47.099279933352506
14.693877551020408 46.467560612097515
18.367346938775512 45.68905229227506
22.040816326530614 44.78642495155001
25.714285714285715 43.784786014571196
29.387755102040817 42.710487963757075
33.06122448979592 41.5899872403569
36.734693877551024 40.44882664414081
40.40816326530612 39.31079382027825
44.08163265306123 38.197286917254885
47.755102040816325 37.12689790909212
51.42857142857143 36.11520642339281
55.10204081632653 35.174763339222125
58.775510204081634 34.31523424045842
62.44897959183674 33.543667741488555
66.12244897959184 32.86485207495517
69.79591836734694 32.28172431664469
73.46938775510205 31.79579939662115
77.14285714285714 31.40758989468704
80.81632653061224 31.116991988759782
84.48979591836735 30.923617432422667
88.16326530612245 30.827055850573345
91.83673469387756 30.827055850573334
95.51020408163265 30.923617432422667
99.18367346938776 31.116991988759782
102.85714285714286 31.407589894687042
106.53061224489797 31.795799396621135
110.20408163265306 32.281724316644684
113.87755102040816 32.864852074955174
117.55102040816327 33.54366774148856
121.22448979591837 34.31523424045842
124.89795918367348 35.174763339222125
128.57142857142858 36.11520642339282
132.24489795918367 37.12689790909212
135.91836734693877 38.19728691725489
139.59183673469389 39.31079382027824
143.26530612244898 40.44882664414081
146.9387755102041 41.58998724035692
150.6122448979592 42.71048796375709
154.28571428571428 43.784786014571196
157.9591836734694 44.78642495155001
161.6326530612245 45.689052292275065
165.3061224489796 46.46756061209753
168.9795918367347 47.09927993335249
172.6530612244898 47.565134680186674
176.3265306122449 47.850672122651375
180.0 47.946873252038785
