0.0 47.946873252038785
3.673469387755102 47.91625269519133
7.346938775510204 47.82508308917238
11.020408163265307 47.67541551960265
14.693877551020408 47.47058629856798
18.367346938775512 47.21509893575021
22.040816326530614 46.914468861737205
25.714285714285715 46.575039826895626
29.387755102040817 46.20378210035461
33.06122448979592 45.80808300109271
36.734693877551024 45.39553993009165
40.40816326530612 44.97376503306252
44.08163265306123 44.55020905400474
47.755102040816325 44.13201001779246
51.42857142857143 43.725870289871594
55.10204081632653 43.33796347601726
58.775510204081634 42.973870691717806
62.44897959183674 42.638544061057104
66.12244897959184 42.33629397318129
69.79591836734694 42.070795668831224
73.46938775510205 41.8451101573267
77.14285714285714 41.66171425893273
80.81632653061224 41.52253469478961
84.48979591836735 41.428981562124484
88.16326530612245 41.38197718671675
91.83673469387756 41.38197718671674
95.51020408163265 41.428981562124484
99.18367346938776 41.52253469478963
102.85714285714286 41.66171425893272
106.53061224489797 41.84511015732671
110.20408163265306 42.07079566883121
113.87755102040816 42.336293973181284
117.55102040816327 42.638544061057104
121.22448979591837 42.973870691717806
124.89795918367348 43.33796347601725
128.57142857142858 43.72587028987158
132.24489795918367 44.13201001779247
135.91836734693877 44.55020905400474
139.59183673469389 44.973765033062534
143.26530612244898 45.39553993009165
146.9387755102041 45.80808300109272
150.6122448979592 46.2037821003546
154.28571428571428 46.57503982689562
157.9591836734694 46.914468861737205
161.6326530612245 47.215098935750206
165.3061224489796 47.47058629856799
168.9795918367347 47.67541551960267
172.6530612244898 47.82508308917238
176.3265306122449 47.91625269519134
180.0 47.946873252038785
