71.07387243215993 99.17509193508066 50.92231078758202
163.50807537713322 -156.612659599735 60.93252246233063
27.967363219364024 47.96303972908814 134.70503322829063
99.66404190356316 138.90941954005785 105.0861074506033
78.41725456173407 -60.458187904167055 74.35276427939847
150.45628467342726 -118.43464833040326 127.31896618032016
42.75447380713985 68.72822216152082 114.16589067833522
139.28547471568396 -109.1483676724518 89.63522908903327
60.81605653759675 -26.428347739613148 71.11285436656371
47.764191375591125 144.09334515511046 95.93920476203999
134.74560155254835 -35.94334645400311 73.09410406993447
36.57355214610746 -118.05505336905811 103.09293015815106
30.421493830395022 81.4514729321224 93.60735722148877
127.58251166273253 -35.61894188313088 67.55878043680733
108.7682287998078 124.58703696377745 85.25943007961503
78.22228662731895 -42.03677538082478 85.18135384661488
137.70669875049282 125.55549131415762 82.52809759203846
45.08907510494389 -20.53916028977456 91.4181449315297
58.77607466240852 59.864496102705175 103.94822912991144
64.04610779301935 -123.6334753664747 85.37572353046124
136.40858595366691 -71.83700279778868 104.84857371306472
77.70888933131893 -164.34360296963453 67.66058100897561
150.4819192531633 -106.89839141343474 79.16477603188068
18.676383495052647 -153.61815072857263 68.97213615722342
162.35934863058245 30.135217260495192 87.30535091996188
53.86358424731493 -134.45859698734864 80.59926067599257
147.78917384977726 86.45474166916243 80.2066101483222
66.80641715536599 -88.95912005095936 104.01715962845459
111.51578656919973 106.18891335327852 92.29055806659905
85.11483528726856 -92.86275421123396 98.13847612798831
160.34522968385085 134.12356235638163 60.0574842444742
67.25089378161593 -47.29153747848946 52.456340419616154
76.04186687100571 -161.00096424127642 53.53962697534605
101.26715463627583 24.394585425266882 41.87321027400483
40.18909039871516 -61.70664584326778 72.56783992234874
126.61698028698652 37.471963012273974 95.96340019435767
51.69892825521705 -123.32573832339064 81.1729192047387
132.69080017233537 37.85777143656799 90.3642122793829
32.289694908901964 -169.2647216589457 95.86211208641224
82.65610513470862 -34.91331196644739 97.67254991555693
98.16899971688593 -76.94914375420403 126.6127266771367
77.43784526252583 86.33606496228995 93.59655955300394
118.80796217025015 113.84325970929625 82.79291449207706
44.14556921486309 -1.893171519616302 93.22263857351953
152.42955085693674 99.47996979315867 62.78610392039291
154.35912426692823 -86.89102108523547 85.30849197772574
43.20107424481706 -39.06824834139596 89.28189496207533
133.32746795246624 161.03434740651826 84.21826408989756
101.69762471385509 125.08921333582569 103.20994181813862
96.70648574014079 -66.04600317682007 120.49765215390694
125.68391352606984 127.04826133253034 82.00460339798848
114.29216989409133 -55.09875963442629 79.08510215589936
38.507358482517965 -137.01990838605738 86.13163502096357
21.104272217208674 76.03207246817183 117.45333741541523
84.34645041833228 72.69669965623923 96.81134172421478
33.574209602405126 148.32048399960604 98.30812377012536
96.90417409878252 103.8782008590696 89.48140299019738
69.54591215268914 159.95591665105673 102.0669154828129
169.91182279108006 8.559766546782784 91.5814946747773
39.02445135874763 27.51709014101592 123.87611552068185
107.62214073728671 -93.83174952389275 148.65958043578883
106.29352810181032 92.00885601973842 110.10678600933655
45.83812824030982 -100.75412412825378 83.32328830669032
144.88858738345925 61.61926557378218 77.10564757203454
8.230830109100385 168.76085330194073 83.7120010452552
132.89651829950333 -90.69980404979933 98.61375573147805
82.81746737315493 -90.2551686194433 111.67227965142214
101.32331045605092 -71.52040031305741 55.74561921190098
173.25801417373293 -98.16627901373896 107.9592787976151
20.483439154928245 164.6674895008406 85.49470658439277
140.15537075113062 28.077411679507637 76.12262097728394
128.85057801143782 84.84887833786783 112.70803032115164
68.02413316368082 92.8620263930189 88.42244230029516
147.5028706280897 -116.64478856438075 124.72869049473461
152.56553476251415 -163.119001058354 110.61750524847136
84.85415730067928 81.69383378478199 85.23467228017296
