[0.9906511607064199, 0.11504992924956321, -0.07330614961034063]
[-0.2692624234768483, -0.3993555044825136, 0.8763634681699662]
[0.4574364634199386, 0.4965864310099326, -0.7376678103799003]
[0.7581674594031282, -0.5852520739252176, 0.2875101971555748]
[-0.8738207291732636, 0.29093449190169335, -0.3896080783159013]
[-0.5545624102222414, -0.438562199643648, 0.7071942662467107]
[0.704887605870723, 0.47911925674401407, -0.5230470350808845]
[-0.7036598182147037, -0.4471279079138795, 0.5522132687600032]
[-0.4485428744107495, 0.7241780648082878, -0.5238085721576783]
[0.7239869369245232, -0.39062572020504455, -0.5685547131780164]
[-0.7090660846243456, 0.3668646263925955, 0.6021923559273412]
[-0.22501687399254525, -0.2914991322176189, -0.9297288111782909]
[0.6568915717943249, 0.299616688702431, -0.6918983326736465]
[-0.7460505447436309, 0.43502674816113346, 0.5041431474016892]
[0.7906879743443693, -0.3758663206936607, 0.48325669803470717]
[-0.7523819686847183, 0.5727546228186526, -0.32538210651166843]
[0.4348601301411231, -0.3425549138375785, 0.8327981737608307]
[-0.23400716625848722, 0.6704814024536658, -0.7040563436994501]
[0.7052559009057082, 0.6532037287693975, -0.2755703230745889]
[-0.4650462828483587, -0.6000924741558527, -0.6508617190082943]
[-0.8432821822125646, -0.03865467180226498, 0.5360792642050933]
[0.04907111069921907, -0.9415519365412645, -0.3332746268321964]
[-0.61375184414333, -0.3592193067728535, 0.7030435003982984]
[0.170170367310698, -0.18953106778317277, -0.9670160393883405]
[-0.15588613079824418, 0.16724207410142677, 0.9735140486274482]
[-0.24977012426606565, -0.6055351331996626, -0.7556070986200308]
[0.28459949243273774, 0.04917711817771258, 0.9573843219704212]
[-0.7685680954539333, -0.14961458924835921, -0.6220277785873863]
[0.8141652509537702, -0.0868306729373469, 0.5741039787152077]
[-0.8970057258605688, -0.27073635233832716, -0.3494031415083314]
[0.0591522087239138, -0.2886219839459953, 0.9556141305915062]
[-0.7026301710687812, 0.4928594243439022, -0.5132255162589371]
[0.0010218508809627617, -0.9278405999130548, -0.37297557155095235]
[0.09971725947971646, 0.9310335961626676, 0.35104545429084466]
[-0.42624704594350116, 0.2584251413812015, -0.866908243199097]
[0.14720258414979911, 0.6527673214366979, 0.743119252397608]
[-0.35154810710345497, -0.49070256616524005, -0.797260885752478]
[0.10741829911105845, 0.5790357837796105, 0.8081948218832011]
[0.2473256166961328, -0.42178766996725775, -0.8723102663556526]
[-0.7110220086846875, 0.6667760660313674, -0.22328766408766473]
[-0.993984833451623, -0.028991224309004315, -0.10561088855423158]
[0.9471232096221044, 0.3163925689410065, 0.05341692722380956]
[0.72498781105613, -0.21443301453772942, 0.6545312491365887]
[-0.02894094335806265, 0.7565989477893664, -0.6532384357962788]
[0.23260663140303608, -0.07890180889001498, 0.96936508064878]
[-0.627806525509582, -0.19332777933034262, 0.7539783393883308]
[-0.3653643016819939, 0.5035272729062822, -0.7829235036042738]
[0.23395784203354208, -0.6946589670951852, 0.6802298490843066]
[0.8463838929790579, -0.3801554773550028, 0.37298273249924657]
[-0.9815343220459524, 0.16070717397229195, -0.10374766927325126]
[0.5923499353729134, -0.39353352107819894, 0.7030312381761568]
[-0.9336796710311754, 0.274853883313473, 0.22955961040788442]
[-0.08969863462118911, -0.4392140040072007, -0.8938932898456377]
[0.5294334548751322, 0.2842872247967596, -0.799300313196697]
[0.8353418916864869, 0.5207867155152658, 0.17602590984415664]
[0.5949091664895364, -0.2795356324468867, -0.753619873556453]
[0.9339522683794995, -0.018514472280651565, 0.35691788229921523]
[0.6131423192992759, -0.7284962132691402, -0.3055319353796397]
[-0.2583189114165548, 0.04798809816828977, 0.9648670801922702]
[0.3146454804608204, 0.7051338454626881, -0.6354403839925357]
[-0.9457435649455005, -0.32306111000832305, 0.03465008750877982]
[0.8379280915302785, 0.1571115171619259, 0.5226781845452354]
[-0.456022254824194, -0.20594553443673075, -0.8658118386523871]
[0.20467141353277066, 0.27835312240457355, 0.9384184310477507]
[0.3015199481504552, -0.003055945420443925, -0.9534549711784684]
[-0.8469869941695223, -0.2670404241545311, 0.4596764553194407]
[-0.8963611441167747, -0.22127315100482778, -0.38415477605004633]
[-0.9976576965125977, 0.05627812646994114, -0.03888306919741434]
[-0.3441284627224202, -0.1694961085050722, 0.9234969790670355]
[0.4003246134750151, -0.18452462652364005, -0.8976028442760144]
[-0.05016761859488542, 0.5180574491635069, 0.8538733450639612]
[0.5556373089173994, 0.16977806661364886, 0.8139057617660425]
[0.9684054613408546, 0.2203250520510901, -0.11682351597127666]
[-0.5901260997085237, -0.452055001856443, 0.6688777629278587]
[-0.22496613194085138, -0.5690319807915625, 0.7909442738372927]
[0.9058167016301063, 0.3813965059495134, 0.18447983168210494]
