0.0 19.505268002691977
3.673469387755102 19.476241978029698
7.346938775510204 19.390033347049943
11.020408163265307 19.24920108735941
14.693877551020408 19.05785055738277
18.367346938775512 18.8214104926545
22.040816326530614 18.546351074342585
25.714285714285715 18.23986799107903
29.387755102040817 17.90955815161676
33.06122448979592 17.56311047719724
36.734693877551024 17.208030750008863
40.40816326530612 16.851413781386334
44.08163265306123 16.499770151157794
47.755102040816325 16.158909243314522
51.42857142857143 15.833875781796886
55.10204081632653 15.528933793289358
58.775510204081634 15.247589896813135
62.44897959183674 14.9926468873693
66.12244897959184 14.766278504481997
69.79591836734694 14.570116798763618
73.46938775510205 14.40534439778352
77.14285714285714 14.272785041542685
80.81632653061224 14.172986877117703
84.48979591836735 14.106294091129572
88.16326530612245 14.072903477689204
91.83673469387756 14.072903477689204
95.51020408163265 14.106294091129572
99.18367346938776 14.172986877117703
102.85714285714286 14.272785041542683
106.53061224489797 14.405344397783516
110.20408163265306 14.570116798763621
113.87755102040816 14.766278504481999
117.55102040816327 14.992646887369304
121.22448979591837 15.247589896813135
124.89795918367348 15.528933793289362
128.57142857142858 15.833875781796879
132.24489795918367 16.15890924331452
135.91836734693877 16.499770151157794
139.59183673469389 16.85141378138634
143.26530612244898 17.208030750008863
146.9387755102041 17.563110477197238
150.6122448979592 17.909558151616757
154.28571428571428 18.239867991079024
157.9591836734694 18.546351074342592
161.6326530612245 18.821410492654493
165.3061224489796 19.05785055738278
168.9795918367347 19.249201087359403
172.6530612244898 19.390033347049943
176.3265306122449 19.4762419780297
180.0 19.505268002691977
