0.0 83.07699422302072
3.673469387755102 82.81044941466197
7.346938775510204 82.02185992318273
11.020408163265307 80.74345169664598
14.693877551020408 79.02603337304257
18.367346938775512 76.93506531307077
22.040816326530614 74.54590644600742
25.714285714285715 71.93880329427016
29.387755102040817 69.19414216821511
33.06122448979592 66.38836962682038
36.734693877551024 63.59083390616975
40.40816326530612 60.86164644213932
44.08163265306123 58.250533914966695
47.755102040816325 55.79656085150022
51.42857142857143 53.528552658919324
55.10204081632653 51.46603309053019
58.775510204081634 49.62049890604149
62.44897959183674 47.99687785379285
66.12244897959184 46.595045680025564
69.79591836734694 45.41130771212748
73.46938775510205 44.439777122597775
77.14285714285714 43.673603637807005
80.81632653061224 43.10602291273818
84.48979591836735 42.73120852746016
88.16326530612245 42.54491641261985
91.83673469387756 42.54491641261985
95.51020408163265 42.73120852746017
99.18367346938776 43.1060229127382
102.85714285714286 43.673603637807
106.53061224489797 44.43977712259778
110.20408163265306 45.411307712127474
113.87755102040816 46.59504568002558
117.55102040816327 47.99687785379285
121.22448979591837 49.620498906041504
124.89795918367348 51.4660330905302
128.57142857142858 53.5285526589193
132.24489795918367 55.79656085150021
135.91836734693877 58.25053391496668
139.59183673469389 60.86164644213929
143.26530612244898 63.59083390616977
146.9387755102041 66.3883696268204
150.6122448979592 69.19414216821511
154.28571428571428 71.93880329427014
157.9591836734694 74.54590644600741
161.6326530612245 76.93506531307077
165.3061224489796 79.02603337304257
168.9795918367347 80.74345169664598
172.6530612244898 82.02185992318272
176.3265306122449 82.81044941466197
180.0 83.07699422302072
