0.0 83.07699422302072
3.673469387755102 82.931524552967
7.346938775510204 82.49974465398698
11.020408163265307 81.7952634615902
14.693877551020408 80.83986306058678
18.367346938775512 79.66224485690205
22.040816326530614 78.29645000941171
25.714285714285715 76.78009828573494
29.387755102040817 75.15259305589319
33.06122448979592 73.45342632657443
36.734693877551024 71.72069100695205
40.40816326530612 69.98987373526174
44.08163265306123 68.29296627904385
47.755102040816325 66.65790137161147
51.42857142857143 65.10829287607116
55.10204081632653 63.663441721009725
58.775510204081634 62.33855808331167
62.44897959183674 61.14514581248873
66.12244897959184 60.09149562214806
69.79591836734694 59.183237538686825
73.46938775510205 58.42390906980157
77.14285714285714 57.8155024013336
80.81632653061224 57.35896084700943
84.48979591836735 57.05460126778645
88.16326530612245 56.9024450069934
91.83673469387756 56.9024450069934
95.51020408163265 57.05460126778645
99.18367346938776 57.35896084700943
102.85714285714286 57.8155024013336
106.53061224489797 58.42390906980155
110.20408163265306 59.18323753868681
113.87755102040816 60.09149562214803
117.55102040816327 61.14514581248872
121.22448979591837 62.33855808331167
124.89795918367348 63.663441721009704
128.57142857142858 65.10829287607118
132.24489795918367 66.65790137161149
135.91836734693877 68.29296627904388
139.59183673469389 69.98987373526174
143.26530612244898 71.72069100695208
146.9387755102041 73.45342632657446
150.6122448979592 75.1525930558932
154.28571428571428 76.78009828573497
157.9591836734694 78.29645000941171
161.6326530612245 79.66224485690202
165.3061224489796 80.8398630605868
168.9795918367347 81.7952634615902
172.6530612244898 82.499744653987
176.3265306122449 82.93152455296699
180.0 83.07699422302072
