0.0 51.80671668632994
3.673469387755102 51.71303143902896
7.346938775510204 51.43502601355222
11.020408163265307 50.981661114281515
14.693877551020408 50.367257497560786
18.367346938775512 49.61064339717896
22.040816326530614 48.73408577204658
25.714285714285715 47.762106602878575
29.387755102040817 46.72028657479318
33.06122448979592 45.63414719386775
36.734693877551024 44.52818226501287
40.40816326530612 43.425085099978084
44.08163265306123 42.34519300496662
47.755102040816325 41.306148737447934
51.42857142857143 40.32276165264467
55.10204081632653 39.40703985874755
58.775510204081634 38.56835856330888
62.44897959183674 37.81372800945521
66.12244897959184 37.14812580046464
69.79591836734694 36.57486183682934
73.46938775510205 36.09594855837617
77.14285714285714 35.71245395930353
80.81632653061224 35.42481944140309
84.48979591836735 35.23312872254192
88.16326530612245 35.13731762261788
91.83673469387756 35.13731762261788
95.51020408163265 35.23312872254192
99.18367346938776 35.42481944140309
102.85714285714286 35.712453959303524
106.53061224489797 36.095948558376165
110.20408163265306 36.57486183682933
113.87755102040816 37.14812580046464
117.55102040816327 37.813728009455204
121.22448979591837 38.56835856330889
124.89795918367348 39.40703985874756
128.57142857142858 40.32276165264467
132.24489795918367 41.30614873744794
135.91836734693877 42.34519300496661
139.59183673469389 43.425085099978084
143.26530612244898 44.52818226501289
146.9387755102041 45.63414719386777
150.6122448979592 46.72028657479319
154.28571428571428 47.762106602878596
157.9591836734694 48.73408577204658
161.6326530612245 49.61064339717894
165.3061224489796 50.36725749756079
168.9795918367347 50.981661114281515
172.6530612244898 51.43502601355223
176.3265306122449 51.71303143902895
180.0 51.80671668632994
