80.91437786755031 93.70746951961895 47.42132483533611
162.93728781072267 -125.03849234298639 62.099167308468466
31.46188825475992 60.18769955346289 89.26040381508172
141.93071608130828 115.00452025127709 65.32023270716365
144.01749908881854 152.60405327752088 83.05997719745167
67.2578196517524 -68.0004084394748 75.84663830235459
144.79757994550172 -109.63490456427134 97.9653665598109
49.04521470342071 71.06214115624356 76.87933955040123
50.54197106105787 -29.990118339246635 56.32015409469984
58.82212086331803 135.26211301539158 81.5727986684111
123.6820570684199 -44.9391990259346 63.53639066524491
33.758074939054005 -140.67189030691895 75.55457099936177
38.80107261550511 85.80334530521743 93.12646644146618
116.54407546602661 -44.19040891829155 70.84672760163053
120.0701854312587 117.1953925674116 69.42515136983114
149.01929626371623 117.32478275145459 68.38781708608995
35.562236619761904 -20.067939623079628 74.6220518870975
163.85425112803088 -144.5740917055352 62.645644829431916
63.2068789189356 58.79819323683891 89.96283090702009
61.36427585051763 -136.23921402233017 69.67535676001108
82.54802582352285 -173.02766765716848 52.625188693173975
143.1355988115988 -100.39505312997025 61.719816134247495
23.92845022477187 173.1583905146634 61.33920085620456
157.5471888292158 -5.541209718252765 68.74423521186641
154.9201171672851 63.150975104406356 70.35531550351595
58.19432932298614 -99.72475702999249 83.51806438075151
121.82160829038277 96.88789992570712 84.0019416291189
76.85006682089475 -100.99425276036291 80.71918230226737
55.91075193634382 -53.8626368608931 49.100816896926716
80.31099620320512 -170.10156072617414 44.219516687736814
98.04289946436316 15.64617987550478 33.11345525132218
69.9346589244516 150.1834133690929 61.94892524864323
29.14150660670681 -72.4548322651082 59.18962297170824
125.31500230724494 22.36258350593899 81.9362696621789
49.28972574912807 -139.40702730214846 60.03225312858319
131.2688284179556 20.783911528833876 77.58120707622
38.96389415547004 170.89970852258045 71.34180711534927
71.71254815812598 -41.10904960676429 78.09181108998527
88.01953510593886 -83.56169343177777 93.24534099417802
122.35975188432427 46.315168159593696 62.747286227233026
85.7558494222223 80.59435342775016 76.1117448995125
129.6598868670381 104.65981212405734 76.28803118208094
142.15019232202562 39.37336927544241 65.38908918067804
139.31158386042554 127.80100333942015 77.893153336792
32.114989386446524 -42.72701729345077 72.35820201057936
142.68751590845855 161.36072261677066 65.29164960389926
33.83362195156185 -69.43783131975852 66.78370322194763
113.010351751027 117.89117377611962 72.87675577371778
85.7841535005581 -72.86751395452907 82.38135667081595
137.02232518375192 119.61071096204985 68.68906681100403
102.97727299470507 -61.663781647812655 83.74898346304968
29.206038789974702 86.43128962829341 86.55917337788273
90.54557212142649 66.23343084553068 88.99477462752048
44.47531988082572 137.45571030975466 103.59603041313196
107.0671518479516 95.90692968600871 75.29351241996109
79.45937291163955 151.52170806577507 81.08269413010026
161.3206564066703 -29.136545868201452 89.98809567960232
37.97570937557852 34.927105415406324 109.57587101535465
99.27866107796731 -98.86939061454075 115.09872588581312
115.09951888349828 82.39532507367498 82.00922224110364
39.4134444315256 -117.89322312363258 65.54917875940723
18.490594128527135 139.46809339767591 71.35517551868718
123.90714657619297 -92.04786412918598 91.48473199335794
74.22449907867376 -98.66000740623517 80.8830314360803
90.73277717443217 -77.97458786710146 50.62517164667785
142.1621817244249 -177.23011902835268 81.94949707164103
30.477016574381704 146.18229092237064 65.20959413777098
136.62660271220304 8.96114622558957 77.01302036163472
136.3297243383768 70.04786856644238 85.4042502833402
77.22280729615056 88.06808512534742 92.94729851829543
141.7038376507909 -109.66914689669245 98.2151660152106
154.91082730672687 -147.24463044629184 89.13077631498913
92.44921001456134 75.00402024044558 79.60158618672843
