69.71784884484175 14.722832558386461 0.3923817508074678 Residue 2
131.73010211990595 16.41883949586386 0.36738735300662717 Residue 3
34.59197286445171 18.2320102303366 0.384463530926227 Residue 4
138.4811479938505 17.170086222485686 0.545216471227788 Residue 5
25.774332882504936 19.219182860833065 0.6592960316745067 Residue 6
124.09639038247495 17.385794917243803 0.4108345815574541 Residue 7
87.38902910565616 11.480659452688391 0.7274668278849317 Residue 8
72.83372074705494 12.093018504653644 1.222784830681909 Residue 9
40.58117077747566 12.456265360645519 0.674179190689485 Residue 10
86.50220638885918 10.855473910093353 0.6917940238136502 Residue 11
139.7151837775689 16.01404400749401 0.5017148852720703 Residue 12
49.25339948675065 17.0074003620022 0.5987290148400554 Residue 15
77.36174230743221 14.699629504040804 0.4097319605674325 Residue 17
104.60551919411044 15.902646739900543 0.4061459134825441 Residue 18
104.79292955534316 14.90563996767804 0.30084408394624096 Residue 20
95.65107177593475 14.638923247926225 0.30362093569058857 Residue 21
115.52690003796822 14.989049664558964 0.39587391473424854 Residue 22
25.083709943143134 17.8928631170439 0.2460667426637519 Residue 27
5.964262593585763 19.01939653233724 0.6582037166576525 Residue 28
19.49391079863151 19.816119759609293 0.64018924600232 Residue 29
25.914322854863727 18.30884368654711 0.39323202886239084 Residue 30
2.969854248960466 20.068413971945823 0.2844559698573846 Residue 32
20.479095944680246 19.040898405925528 0.19979813445176986 Residue 33
21.145523270837373 18.544031048033254 0.41416088765934334 Residue 34
40.01426060812504 16.410153164071957 0.37071085144720944 Residue 35
69.96427750151555 16.541196914483148 0.44788535567820803 Residue 36
126.62000229330788 15.093735820113588 0.28938040026001083 Residue 39
107.07396926523933 15.135758408979841 0.41899877129236207 Residue 40
69.1336173033461 13.941246394417274 0.25081094529046577 Residue 41
52.63395163717491 15.900974011262232 0.6176320393288239 Residue 43
148.20338014942072 17.237621528063276 0.3232982530179501 Residue 44
52.64119597973458 17.437124148481715 1.0022066021633438 Residue 45
139.77625143841775 16.71427124077614 0.5448231446408901 Residue 46
151.07003135913595 15.936832048772374 0.6385275648019326 Residue 47
93.8740609633165 15.402995790323818 0.9360365710995815 Residue 48
59.325880752391186 14.14220345581726 0.2806485601752767 Residue 49
158.95369613656655 18.21511711553651 0.4196063430885346 Residue 50
30.826118208893718 15.884484187173072 0.6197994903902689 Residue 51
103.15894987917768 15.57883182257195 0.32387362672243636 Residue 52
148.44828205176373 17.22329249944783 0.2124069285926928 Residue 54
15.748076834879765 19.205502753213302 0.4875503215577405 Residue 55
114.07783733019058 14.70821229228635 0.39020950278917704 Residue 56
100.98556666027385 14.697695871460379 0.237923080984626 Residue 57
128.12696673453866 15.827209899064147 0.20197686718454919 Residue 58
127.19865806966673 16.221846667832715 0.33366518422016983 Residue 59
62.6552102296803 14.994558149246648 0.21187757320889655 Residue 60
80.9120113058147 14.504755942349004 0.20179450795308845 Residue 61
102.89114920890206 13.640738382166532 0.6270522644362346 Residue 62
31.75785813759993 17.12655759692225 0.27234182535214685 Residue 63
110.01990662022652 14.635947282094348 0.26831114094043074 Residue 64
70.78540945912563 14.196725963223527 0.37050669998057856 Residue 65
48.74599473290309 16.492976533847035 0.5135787735230144 Residue 66
128.81862531375143 16.61108853574456 0.3537963135534813 Residue 67
27.901646929989244 18.36326449097871 0.3716148798906925 Residue 68
131.7427834751565 15.375142464678316 0.23293477356508074 Residue 69
46.679790489462604 18.03242196016317 0.21412545669410982 Residue 70
109.64927469825095 15.531578152761758 0.2992701970466057 Residue 71
88.89155439551983 12.63019032823877 0.41041869188246666 Residue 72
74.02594968163324 6.828015007888156 0.4461878102016451 Residue 73
107.70280570796066 6.531728025173648 0.8009851904142578 Residue 74
98.89380676166816 2.8340260930697094 1.082765133952992 Residue 75
124.4495033143617 2.239110826823255 0.9015461828664351 Residue 76
