0.0 19.589879639699028
3.673469387755102 19.556869216502932
7.346938775510204 19.458879763640596
11.020408163265307 19.29897343014467
14.693877551020408 19.082049518891424
18.367346938775512 18.814560503045808
22.040816326530614 18.504155608824984
25.714285714285715 18.15928533892602
29.387755102040817 17.788800689311643
33.06122448979592 17.40157711820291
36.734693877551024 17.006186739221786
40.40816326530612 16.610634177029016
44.08163265306123 16.222163412610392
47.755102040816325 15.847135806083038
51.42857142857143 15.49097394091432
55.10204081632653 15.158162196639697
58.775510204081634 14.852292920937808
62.44897959183674 14.57614643470557
66.12244897959184 14.33179348513898
69.79591836734694 14.12070978983507
73.46938775510205 13.943893678604105
77.14285714285714 13.80197931054499
80.81632653061224 13.695339375509493
84.48979591836735 13.62417250371936
88.16326530612245 13.588571778189198
91.83673469387756 13.588571778189198
95.51020408163265 13.624172503719361
99.18367346938776 13.695339375509493
102.85714285714286 13.80197931054499
106.53061224489797 13.943893678604109
110.20408163265306 14.120709789835065
113.87755102040816 14.331793485138977
117.55102040816327 14.576146434705567
121.22448979591837 14.852292920937806
124.89795918367348 15.1581621966397
128.57142857142858 15.49097394091432
132.24489795918367 15.847135806083035
135.91836734693877 16.2221634126104
139.59183673469389 16.610634177029013
143.26530612244898 17.006186739221782
146.9387755102041 17.401577118202912
150.6122448979592 17.788800689311643
154.28571428571428 18.159285338926022
157.9591836734694 18.50415560882499
161.6326530612245 18.81456050304581
165.3061224489796 19.082049518891417
168.9795918367347 19.29897343014467
172.6530612244898 19.458879763640592
176.3265306122449 19.556869216502932
180.0 19.589879639699035
