78.967206933418 3.2959529719919596 0.061013297757507086 Residue 3
104.89721789032706 3.43265271277956 0.05334240407209655 Residue 4
92.27714308636997 3.4606710997850167 0.09878567149890573 Residue 5
102.91351169527756 3.358372806798147 0.05908398673965189 Residue 6
98.88364590673791 3.291484471153575 0.08407996382083548 Residue 7
106.01439354007276 3.4102438399367907 0.05655639426621192 Residue 8
111.70236257931033 3.3813964471573543 0.05069135395851997 Residue 9
94.85915640385566 3.4328509371362865 0.04263616373162848 Residue 10
117.14425383810887 3.576845597234687 0.05112730177401585 Residue 11
72.08096731624018 3.504616088647502 0.05629780611906951 Residue 13
97.50092609175935 3.2524633607361007 0.15339369776093853 Residue 14
99.67349779964611 3.3342976541043257 0.16351326179596073 Residue 16
76.82579073117324 3.3996222803602136 0.06584783517564145 Residue 17
112.36925870154678 3.38980615762796 0.1455836498659017 Residue 18
70.74440249193974 3.341480710586711 0.05418093154992195 Residue 19
114.7695761786134 3.2333143990991284 0.090827864550809 Residue 20
68.75922045333463 3.446895518842946 0.03728574738760033 Residue 21
41.84849297377622 3.73750024701078 0.19138241870827152 Residue 22
132.89824752385317 3.641050925566137 0.07169728163849207 Residue 23
157.33464874590237 3.8955599081077317 0.12068489802791812 Residue 24
138.32689399141427 3.5354746521134106 0.185931382722976 Residue 26
164.9372715641256 3.9552548131586835 0.28613201863814625 Residue 28
151.68841602285107 3.8821900149450057 0.24565344662402755 Residue 29
143.24077001250026 3.7696493303517844 0.15874558183533252 Residue 30
153.10438105299738 4.2087490621173105 0.160626454939145 Residue 31
172.06828272414458 4.009203958199885 0.17323798096995272 Residue 32
154.05949462530378 3.7062936077723885 0.17209876734698967 Residue 33
145.59461290635332 3.8002182818046606 0.0462718758228644 Residue 34
165.55960646426655 4.050773660149211 0.16980415014427228 Residue 36
132.23543320760731 3.648527227135685 0.07494445865252441 Residue 37
125.54437817214944 3.637694244220256 0.042481630933290104 Residue 38
47.789930259919316 3.866434374619377 0.037249257023736514 Residue 40
65.0971934314567 3.464536579073974 0.10795777794306859 Residue 42
84.82668859489304 3.5164009654314587 0.08775325935166606 Residue 43
81.01201784006925 3.352511203589064 0.0494206602624259 Residue 44
88.13389800977552 3.3022067589801396 0.039551078120265225 Residue 45
78.71437547963417 3.1905654567856745 0.09762263787667864 Residue 46
75.45700898770599 3.343670552883791 0.035813142681882154 Residue 47
46.46296083505635 3.5887655116150525 0.03020516721021092 Residue 48
104.19493472041533 3.35366390758162 0.04746662220791597 Residue 50
101.87991043876457 3.329297231505322 0.07680020994013242 Residue 51
99.01361458655694 3.380053719771713 0.08073818741043971 Residue 53
90.19069701149924 3.381461710317468 0.05121749413247816 Residue 54
106.14346521179912 3.4016497443071474 0.11631051133583252 Residue 55
