0.0 4.0700400467892806
3.673469387755102 4.0665483287860535
7.346938775510204 4.056168003110104
11.020408163265307 4.039179040956482
14.693877551020408 4.016033374750674
18.367346938775512 3.9873340844016454
22.040816326530614 3.9538085398832195
25.714285714285715 3.9162774600326875
29.387755102040817 3.875622009450062
33.06122448979592 3.8327510114790977
36.734693877551024 3.7885701360319097
40.40816326530612 3.7439545748986647
44.08163265306123 3.69972629949937
47.755102040816325 3.656636559088793
51.42857142857143 3.615353863388059
55.10204081632653 3.576457331069131
58.775510204081634 3.5404349894104596
62.44897959183674 3.507686384531574
66.12244897959184 3.4785287021925226
69.79591836734694 3.4532054989007848
73.46938775510205 3.431897094244269
77.14285714285714 3.414731671711345
80.81632653061224 3.4017961726660766
84.48979591836735 3.393146144193589
88.16326530612245 3.3888138142710624
91.83673469387756 3.3888138142710607
95.51020408163265 3.3931461441935893
99.18367346938776 3.401796172666077
102.85714285714286 3.4147316717113445
106.53061224489797 3.4318970942442677
110.20408163265306 3.4532054989007848
113.87755102040816 3.4785287021925235
117.55102040816327 3.507686384531574
121.22448979591837 3.540434989410461
124.89795918367348 3.5764573310691317
128.57142857142858 3.6153538633880578
132.24489795918367 3.6566365590887937
135.91836734693877 3.69972629949937
139.59183673469389 3.743954574898665
143.26530612244898 3.7885701360319097
146.9387755102041 3.8327510114790977
150.6122448979592 3.875622009450063
154.28571428571428 3.9162774600326875
157.9591836734694 3.953808539883218
161.6326530612245 3.9873340844016463
165.3061224489796 4.016033374750674
168.9795918367347 4.0391790409564825
172.6530612244898 4.0561680031101055
176.3265306122449 4.066548328786053
180.0 4.0700400467892806
