66.77005950066905 76.27520606310338 14.722831943901424
135.92808616978567 -154.19261971127975 16.418838180881767
31.687539462965074 -18.64756101096264 18.23200903280055
139.7725414531535 135.6422051407847 17.170085092372652
24.840278646487764 -51.454037896720344 19.219182504053702
45.146514471307036 17.024380346254684 17.007398864763598
73.66789582530271 59.033065277880326 14.699629069103118
119.37054910271014 -174.39586375158194 14.989047976399165
27.50595629962989 -98.42336547320292 17.892863528414267
10.171390561288218 -151.21464045746373 19.01939694362689
16.229886608334603 -13.380013107682048 19.816118985516525
26.64303465648235 -74.02821507682302 18.308843711083156
2.7560873077549197 165.39312960507687 20.068414075838625
18.548893830579946 -38.020219566979385 19.040897855420855
24.298186255522253 -111.60999672226035 18.5440317138571
41.891349423295054 148.74090560873722 16.410153062852586
130.65074327899686 -167.12193345739985 15.093734329043212
109.04146592594846 147.36328545172532 15.135756559596992
73.30771420591311 -157.18676295075878 13.941246505627158
56.51272920085955 -127.60293177272789 15.900975225566757
146.27383995414587 89.96663695108089 17.23762195344371
93.55628465242197 115.64979375204774 15.402994652288477
58.516323278825574 -50.04975211194766 14.142201648694792
155.618674196753 64.75004025868938 18.215118122522316
103.34163552722603 -61.8770365211145 15.578830590648296
145.3901551464552 -11.121883537547916 17.223292933492615
12.749202971283179 -20.6252460044397 19.205502365198715
117.53263929921108 174.6812076725915 14.70821055609045
104.98990566243056 -167.98668085957453 14.697694486807949
132.3349092340892 -151.2423970482382 15.827208653017856
130.25890235770152 165.56954404609465 16.22184506848738
66.86274966613462 -151.39527761115562 14.994558646111635
84.92326187008787 -132.32272284656221 14.504756105619215
99.33514751526373 -2.021447568308335 13.640736916246752
33.2903544501996 144.5024978548182 17.12655761852107
114.16372457506301 -160.14187044267453 14.63594618552135
74.72095227349908 -170.4326141300345 14.196725687479658
44.865230006776194 6.547537559553108 16.492974749486535
131.12490060832667 151.83805942877902 16.61108710921696
29.846419671592137 -90.73245223751346 18.36326487493035
128.39817609955549 66.44407470248052 15.375143243793246
105.51938467016127 19.10763404685817 15.531578115901764
