0.0 3.9561136296520836
3.673469387755102 3.951268841181492
7.346938775510204 3.936882170169723
11.020408163265307 3.9133885281101137
14.693877551020408 3.8814862906287555
18.367346938775512 3.8421001391697267
22.040816326530614 3.7963337788249385
25.714285714285715 3.745416477644176
29.387755102040817 3.6906475475100375
33.06122448979592 3.6333426109814866
36.734693877551024 3.5747848768988573
40.40816326530612 3.5161838187471677
44.08163265306123 3.4586427539073403
47.755102040816325 3.4031359746786345
51.42857142857143 3.3504953603205125
55.10204081632653 3.3014058391297607
58.775510204081634 3.256408671887314
62.44897959183674 3.2159112709700226
66.12244897959184 3.1802021207742843
69.79591836734694 3.1494692931785786
73.46938775510205 3.1238210329553238
77.14285714285714 3.1033069101110833
80.81632653061224 3.0879380978066537
84.48979591836735 3.077705441971328
88.16326530612245 3.0725941504195
91.83673469387756 3.0725941504195
95.51020408163265 3.077705441971328
99.18367346938776 3.0879380978066546
102.85714285714286 3.1033069101110824
106.53061224489797 3.1238210329553224
110.20408163265306 3.149469293178579
113.87755102040816 3.1802021207742848
117.55102040816327 3.2159112709700235
121.22448979591837 3.2564086718873146
124.89795918367348 3.3014058391297607
128.57142857142858 3.3504953603205125
132.24489795918367 3.403135974678636
135.91836734693877 3.4586427539073417
139.59183673469389 3.516183818747167
143.26530612244898 3.5747848768988573
146.9387755102041 3.633342610981485
150.6122448979592 3.6906475475100375
154.28571428571428 3.7454164776441754
157.9591836734694 3.7963337788249376
161.6326530612245 3.8421001391697276
165.3061224489796 3.8814862906287555
168.9795918367347 3.913388528110114
172.6530612244898 3.9368821701697225
176.3265306122449 3.9512688411814905
180.0 3.9561136296520836
