0.0 3.155929196524433
3.673469387755102 3.152588191115561
7.346938775510204 3.1426645534166715
11.020408163265307 3.126451264921585
14.693877551020408 3.1044198823080826
18.367346938775512 3.0771968828658616
22.040816326530614 3.0455332837990636
25.714285714285715 3.010269859164608
29.387755102040817 2.972300439999163
33.06122448979592 2.9325356955825104
36.734693877551024 2.8918695031388157
40.40816326530612 2.8511495862925385
44.08163265306123 2.811153610591483
47.755102040816325 2.772571429922112
51.42857142857143 2.735993725886259
55.10204081632653 2.7019068981710355
58.775510204081634 2.670693754398473
62.44897959183674 2.6426393067774407
66.12244897959184 2.6179407978513587
69.79591836734694 2.596720936799062
73.46938775510205 2.5790432242578376
77.14285714285714 2.5649281780715394
80.81632653061224 2.5543692522765493
84.48979591836735 2.54734727863418
88.16326530612245 2.5438423651819004
91.83673469387756 2.5438423651819
95.51020408163265 2.54734727863418
99.18367346938776 2.5543692522765493
102.85714285714286 2.564928178071539
106.53061224489797 2.579043224257837
110.20408163265306 2.5967209367990627
113.87755102040816 2.61794079785136
117.55102040816327 2.642639306777441
121.22448979591837 2.670693754398473
124.89795918367348 2.7019068981710346
128.57142857142858 2.735993725886259
132.24489795918367 2.7725714299221123
135.91836734693877 2.811153610591484
139.59183673469389 2.851149586292538
143.26530612244898 2.891869503138815
146.9387755102041 2.932535695582509
150.6122448979592 2.972300439999163
154.28571428571428 3.0102698591646075
157.9591836734694 3.045533283799063
161.6326530612245 3.0771968828658616
165.3061224489796 3.1044198823080835
168.9795918367347 3.1264512649215854
172.6530612244898 3.1426645534166706
176.3265306122449 3.152588191115561
180.0 3.155929196524433
