67.36409144554229 -0.7151610492615074 3.295953649916402
111.62700348122796 -149.23826265992253 3.4326528288389992
89.13614009470591 45.51129230096281 3.460671092142609
103.18956315847548 -120.40864334340138 3.358372136001038
101.11504655567242 67.72082752680268 3.291483553685709
99.97262928539487 -92.40126481947074 3.4102431173745207
109.98258748169786 49.307724111466634 3.381396722643252
84.1112471661025 -66.7703965553633 3.4328503437614972
107.25170206425237 -70.85876515149371 3.5768467879884867
71.70521556653041 59.79665840665566 3.5046152418019774
98.87325125290035 -125.7254145798921 3.2524627825679673
103.62119947408011 -136.69737411598314 3.3342975003960076
68.0899368629589 19.757955481304112 3.399622728967319
123.44006200700383 -175.2548322106846 3.3898061748146024
59.5637250069254 3.573418049932203 3.3414808878970854
128.01868125591037 146.76534660309994 3.233313702297057
55.50776487481651 -28.60754358005575 3.4468949380483522
32.789235307253556 23.043893826478893 3.7374998690379897
139.76019206064015 -145.62881118212678 3.641050683885842
155.4626974598598 -97.69048231098395 3.8955613272955616
146.6195926807511 -152.20500161738835 3.5354744274449303
160.37400359744152 -81.41464669730051 3.955256719723774
162.31328566228441 -163.12402390974438 3.8821900598440737
148.09478408809534 -132.73159253688098 3.7696494610066833
147.92467201017547 -87.35243409996744 4.208751015583487
167.74012746285518 -66.99016914180913 4.00920590374033
160.22984703214706 -133.21093337124438 3.7062940532040605
146.4467065095018 -114.4677450899851 3.8002188583621117
166.15694284286872 -95.59759813527528 4.050775043792061
137.12389284325633 -136.03862446575172 3.6485270361323727
113.48038387693772 -53.85479565393736 3.6376968299644785
59.00964805936984 119.47020446387177 3.8664386676974805
132.08880051130652 -15.207668438115565 3.310068167072295
76.0958628667015 116.45426381150904 3.4645376277817865
78.29930267513046 -92.24927635217212 3.5163994236861265
80.85456429988236 59.620348968636826 3.352510514097963
92.94111453390643 -141.87683864424935 3.302207085186311
74.4997081332466 42.2896720774875 3.1905653429488576
78.5037744804659 -135.48643341296977 3.3436709138734684
54.80237083840322 -163.7502747883947 3.5887690587505383
107.52082198513594 -133.38971460782057 3.3536635982904848
110.06542909451213 -157.24358948017522 3.3292976210044447
98.09085873510185 -115.79387841138717 3.380052930717876
93.13412223397951 71.81640948869453 3.3814605515103646
102.06727715766061 -101.35048182042406 3.4016489750249668
