83.96798101221671 43.46583951053717 1.4155053026426414 Residue 248
161.27638101086154 63.340477137685845 3.3992895676004395 Residue 249
33.267066757913625 85.71795601230123 9.567994656196003 Residue 250
145.33595291941467 63.91570729552168 3.4583596955014144 Residue 252
146.8810007139248 79.12199730370818 2.614887969881853 Residue 254
63.874714118009365 74.13105575488676 2.719137055424316 Residue 256
142.53156933016677 86.14563929420406 3.696436435646949 Residue 257
51.31152391295346 84.05677895308177 3.494213246246507 Residue 258
47.578258366266844 63.41630093269386 5.5221541427207335 Residue 260
62.13933813776532 74.67839148502307 3.25577500693815 Residue 261
120.36157432596997 61.75804620165171 3.1647226739310477 Residue 262
33.39599264673819 86.11769948300577 7.540602337529891 Residue 263
41.647783667154926 90.82773714666911 6.524755971660862 Residue 264
113.23565057960454 84.24202433490703 4.425494145853225 Residue 265
123.48709585923669 73.33159199107772 4.575845442317488 Residue 266
152.43624374625563 57.921869694033475 3.556910682122474 Residue 268
32.97227931093536 71.29594702136026 5.667155253367562 Residue 269
163.23080308643216 73.008327385418 2.385509928367482 Residue 270
64.85825271633202 86.24946742748205 7.0654202316521815 Residue 271
60.64435595152283 77.72915435045805 5.907359848922887 Residue 272
83.93606646751782 68.36015276270611 2.499383273541671 Residue 276
140.5005446910912 56.06479846628546 1.812982460420781 Residue 278
26.147426787284804 60.79511466013723 4.47613611132735 Residue 279
155.37606252138443 66.80837872602288 5.395447240984231 Residue 280
156.58980317866082 65.77306264661702 5.376290013083245 Residue 282
55.6162180388574 78.49287083617244 4.626614031009298 Residue 283
124.94271310293195 83.9784264845599 7.129854737036789 Residue 284
74.30501952496098 77.48198896842025 3.4822210084441196 Residue 285
52.50328291662728 41.30933564437802 1.5430949046135574 Residue 288
81.54132992866491 43.50835907156559 1.1452421252798868 Residue 289
97.1408154274877 31.418808288613057 0.724842376244414 Residue 290
72.92328901334663 52.233993463496965 1.3911055757131732 Residue 291
25.818519128908555 57.448171089212074 3.3181160933093943 Residue 292
124.74846753797429 69.92322786707474 2.6119639057838135 Residue 293
48.78791158600023 69.3921048933806 3.20511590052369 Residue 294
130.59342625820668 67.68026188824805 3.3197937671116744 Residue 295
41.22582638657245 80.8572934338954 10.557825122986173 Residue 296
68.46367691594239 74.41707260631688 5.253886592823014 Residue 297
84.8992524476126 95.17694922971312 6.938338395120703 Residue 299
123.22012553638933 62.581750802073415 2.6401935093498725 Residue 301
88.37690853263096 73.35795224905654 2.191286668580094 Residue 302
132.94320272515833 68.01774830611757 2.8939378536958715 Residue 303
142.53630770298355 65.29966868013544 4.075091530571403 Residue 306
142.70687539822643 76.15288621420918 2.168180267825866 Residue 308
28.848462361412874 72.74228452709137 4.475721937823723 Residue 309
145.22324790158183 65.02693544386459 4.4928276137318806 Residue 310
30.4687723730804 65.82214220904893 1.7140619920149225 Residue 311
116.42967601060074 70.40689434969497 6.201262302569658 Residue 312
82.45665726052536 86.18320108136213 7.078013965856064 Residue 313
140.44521105254086 71.06819736081655 2.1648505819588526 Residue 315
99.55660096849344 76.9463322165821 5.307968392904868 Residue 316
32.088114188135535 71.21660723470833 4.075949967071858 Residue 319
92.5338776087849 77.44269686705577 2.7295467138320686 Residue 320
47.76153200634923 73.99012424873284 4.029747282393098 Residue 321
110.169216300702 81.15919019760913 5.58072155066852 Residue 322
82.40386672386211 71.6766742190405 2.9129382127056433 Residue 323
158.2948746642422 77.01126096658047 5.3458237121671175 Residue 325
38.35733040777751 89.38885685491404 3.79710992758711 Residue 326
96.6334709306339 112.46729113208634 9.022545697798352 Residue 327
117.76664002336759 75.73640030116206 5.2094270075989435 Residue 328
37.72429449157101 61.14492737436572 3.6313422108623223 Residue 329
21.759007121301913 67.84376328073006 5.308085855343546 Residue 333
121.00872488672353 76.45364541817428 5.713497993653768 Residue 334
71.58988180964728 86.55509460307229 6.515586823867731 Residue 335
87.48951785932535 29.527742832341097 0.6364311849263515 Residue 336
143.65842609318833 72.39575794032075 1.9951115494597087 Residue 338
33.596663156233845 66.34577483606724 2.8383787527843922 Residue 339
135.26809726895897 48.79354329275472 4.07205562605694 Residue 340
138.43288948027572 74.42058509371702 2.815556674781501 Residue 343
80.11216435607614 85.26169866991275 5.524770854116728 Residue 345
139.44759945290497 89.90146110786478 5.667263134090562 Residue 346
154.5718064055833 86.65533796661344 5.39877907657972 Residue 348
94.83750360829737 74.77281155118165 5.800914572789067 Residue 350
