0.0 88.60710956656312
3.673469387755102 88.23738006186177
7.346938775510204 87.14671904926291
11.020408163265307 85.38877843871549
14.693877551020408 83.04689468569751
18.367346938775512 80.22609607483092
22.040816326530614 77.04385978431915
25.714285714285715 73.62094856608408
29.387755102040817 70.07341172304588
33.06122448979592 66.50643453909842
36.734693877551024 63.010295338401
40.40816326530612 59.658339064235385
44.08163265306123 56.506648598130084
47.755102040816325 53.59499162076355
51.42857142857143 50.948614709214326
55.10204081632653 48.58051082780463
58.775510204081634 46.49386797509994
62.44897959183674 44.68449147345818
66.12244897959184 43.14306637409175
69.79591836734694 41.857183972121526
73.46938775510205 40.81309704157231
77.14285714285714 39.99719444219794
80.81632653061224 39.397200548602996
84.48979591836735 39.00311178777529
88.16326530612245 38.807884177633134
91.83673469387756 38.80788417763314
95.51020408163265 39.00311178777529
99.18367346938776 39.397200548602996
102.85714285714286 39.99719444219795
106.53061224489797 40.813097041572334
110.20408163265306 41.85718397212151
113.87755102040816 43.143066374091774
117.55102040816327 44.68449147345818
121.22448979591837 46.49386797509992
124.89795918367348 48.58051082780464
128.57142857142858 50.948614709214304
132.24489795918367 53.59499162076355
135.91836734693877 56.5066485981301
139.59183673469389 59.65833906423539
143.26530612244898 63.010295338401
146.9387755102041 66.50643453909844
150.6122448979592 70.0734117230459
154.28571428571428 73.62094856608408
157.9591836734694 77.04385978431915
161.6326530612245 80.22609607483093
165.3061224489796 83.04689468569752
168.9795918367347 85.38877843871549
172.6530612244898 87.14671904926291
176.3265306122449 88.23738006186177
180.0 88.60710956656312
