83.96798101221671 124.40581557077574 43.46583951053717
161.27638101086154 -85.25034258653388 63.340477137685845
33.267066757913625 95.27498377462875 85.71795601230123
145.33595291941467 145.01647025193995 63.91570729552168
146.8810007139248 -174.17462313184808 79.12199730370818
63.874714118009365 -37.746114226521804 74.13105575488676
142.53156933016677 -75.64971966619437 86.14563929420406
51.31152391295346 103.69587595003684 84.05677895308177
47.578258366266844 1.990518946855286 63.41630093269386
62.13933813776532 165.27523326270568 74.67839148502307
120.36157432596997 -14.968161501698638 61.75804620165171
33.39599264673819 -115.31079222836044 86.11769948300577
41.647783667154926 118.54696983425633 90.82773714666911
113.23565057960454 -14.106306779255286 84.24202433490703
123.48709585923669 147.55612359889398 73.33159199107772
152.43624374625563 147.43780474830393 57.921869694033475
32.97227931093538 13.714862697428618 71.29594702136026
163.23080308643216 -102.66143984291189 73.008327385418
64.85825271633205 90.75220079841408 86.24946742748205
60.64435595152284 -107.60199868264608 77.72915435045805
83.93606646751782 -142.90581791667063 68.36015276270611
140.5005446910912 -67.12015058137128 56.06479846628546
26.147426787284804 -161.93939435369705 60.79511466013723
155.37606252138443 18.863787447748898 66.80837872602288
156.58980317866082 86.99776719616717 65.77306264661702
55.616218038857404 -70.70094296994236 78.49287083617244
124.94271310293195 126.45300689300106 83.9784264845599
74.30501952496098 -71.09060183483237 77.48198896842025
52.50328291662728 -23.13066278461808 41.30933564437802
81.54132992866491 -140.1191424240193 43.50835907156559
97.1408154274877 45.69868545985096 31.418808288613057
72.92328901334663 -179.88514271943706 52.233993463496965
25.818519128908545 -43.54903947124023 57.448171089212074
124.74846753797434 50.48757147573194 69.92322786707474
48.78791158600023 -111.85531427348782 69.3921048933806
130.59342625820668 48.365005864192845 67.68026188824805
41.22582638657245 -161.66237114212245 80.8572934338954
68.46367691594239 -10.224923524755287 74.41707260631688
84.89925244761258 -53.156079381357245 95.17694922971312
123.22012553638933 74.6724762215258 62.581750802073415
88.37690853263096 111.20009828599991 73.35795224905654
132.94320272515833 134.29983727495232 68.01774830611757
142.53630770298352 65.45557166452892 65.29966868013544
142.70687539822643 158.8367371671056 76.15288621420918
28.848462361412885 -10.48983844554111 72.74228452709137
145.22324790158183 -164.9824106270767 65.02693544386459
30.4687723730804 -39.95098763712465 65.82214220904893
116.42967601060074 148.30569096723187 70.40689434969497
82.45665726052536 -42.45766262784793 86.18320108136213
140.44521105254086 150.02679404747425 71.06819736081655
99.55660096849344 -31.142995617655366 76.9463322165821
32.088114188135535 120.04748816995297 71.21660723470833
92.5338776087849 96.65131263760063 77.44269686705577
47.76153200634923 167.02447098094444 73.99012424873284
110.16921630070199 125.91151573937786 81.15919019760913
82.40386672386211 -178.2643859238195 71.6766742190405
158.2948746642422 -3.0133748856559532 77.01126096658047
38.3573304077775 69.75094568855972 89.38885685491404
96.6334709306339 -68.07266780437932 112.46729113208634
117.76664002336759 111.82051375156533 75.73640030116206
37.724294491570994 -91.13749806016102 61.14492737436572
21.759007121301927 167.1700568384572 67.84376328073006
121.00872488672356 -60.395390155217605 76.45364541817428
71.5898818096473 -68.83978362152585 86.55509460307229
87.48951785932535 -47.49878147074967 29.527742832341097
143.6584260931883 -142.66133120676582 72.39575794032075
33.596663156233845 174.41814457430013 66.34577483606724
135.26809726895897 36.204025543570765 48.79354329275472
138.43288948027572 97.60279537764856 74.42058509371702
80.11216435607614 118.92913176503782 85.26169866991275
139.44759945290502 -76.0416786679632 89.90146110786478
154.5718064055833 -109.52426004507355 86.65533796661344
94.83750360829737 105.34058906062624 74.77281155118165
