134.36474203257043 15.671987460902209 0.47150396254948423 Residue 2
76.80682040389941 13.88532270169434 0.1879083004196875 Residue 3
91.7814791736536 13.225879373508993 0.752330979252504 Residue 4
100.97066104918852 14.058137332565266 0.3218675939410104 Residue 5
94.05390128276514 12.796211451291516 0.27267766437379787 Residue 6
109.62985174056942 14.264985151633454 0.27261159144870245 Residue 7
83.15493894295308 11.368737783776002 0.3027964496184768 Residue 8
123.38516113257288 12.697515644647114 0.7636684751094075 Residue 9
91.59515228883642 9.465354165257223 0.8888450580471977 Residue 10
45.104365281629576 12.164979652791178 0.5891259819718897 Residue 11
99.39913910221411 11.745439743197545 0.6869997305274503 Residue 12
70.26477500010985 15.181687506291983 0.3054557354991776 Residue 13
83.2572137966008 14.360856668506415 0.22227918321342474 Residue 14
97.35728724279612 13.212934578634176 0.2341108288667894 Residue 15
116.75858839350067 13.867493706557969 0.34308929671697713 Residue 17
40.20177125221112 17.637922084174498 0.4928032043524333 Residue 18
135.8794807479732 15.874650114295024 0.27809714798058205 Residue 20
113.20900982393354 14.00329479745894 0.1803214599722367 Residue 21
99.27983116989688 12.818886608799254 0.3438116275362199 Residue 22
92.32735073597728 15.242621527371082 0.3075908356110155 Residue 23
116.50626302902344 18.715834204615227 0.5774976575485234 Residue 25
98.33535756333947 13.532114566654345 0.5374996070063311 Residue 27
119.85104708665502 13.827615827789772 0.3300566135130945 Residue 28
105.97190523308088 14.325439678779514 0.24065732706037166 Residue 29
93.75286102936039 13.48871080509868 0.15989231020562308 Residue 30
121.03431987651473 14.685097513591057 0.21325930267838397 Residue 32
100.88552241936712 13.454488477295973 0.13927618098419342 Residue 33
104.6526135116327 14.120805616844809 0.4340378458359274 Residue 34
154.54121706454018 19.108725369187415 0.27286640683963154 Residue 35
148.38542641404484 19.569831621110406 0.4212820918102329 Residue 36
87.55958913446639 12.943025679931406 0.27981415392614095 Residue 39
128.21659572244687 15.83711878965791 0.3256068744395552 Residue 40
110.19170474431859 13.859044063998066 0.15485192908502587 Residue 41
78.25756129377875 12.684729185964386 0.45455387632735206 Residue 42
94.20955138161763 13.762350444370824 0.4738344707478258 Residue 43
89.19704372219631 12.556469723091139 0.17476847824321096 Residue 44
69.91900335200911 15.375823260907659 0.3770671386786963 Residue 45
98.11529941071613 12.446313882704583 0.5675659492817852 Residue 46
88.56254093518515 12.2098684951267 0.2448621499532299 Residue 47
145.7560271787789 17.83212044117994 0.48173149195592957 Residue 48
60.43332040020052 13.051975291550608 0.23925655268797966 Residue 49
74.21387779205068 14.279064095561552 0.19602108133048604 Residue 50
135.88331749013415 14.100668064013204 0.5854873952237648 Residue 51
17.622083952101164 19.5609924899821 0.21692021507953307 Residue 52
39.80472891079239 16.051346169998965 0.1637496235586023 Residue 54
107.93119276727543 14.202424134188266 0.21845990951335506 Residue 55
107.45893931759475 12.852296974276396 0.2809137242256273 Residue 56
103.48105913971882 13.69686636709833 0.4007205948197933 Residue 57
76.59259751653643 13.116620430283328 0.1607111486805398 Residue 58
102.1614014470543 13.75405077253054 0.2500451623506005 Residue 59
107.9517134001275 13.801222252639917 0.24802575120680004 Residue 60
83.22715572172919 12.661116774068368 0.24747495096569513 Residue 61
51.46153644992682 14.160907153249571 0.463573172737141 Residue 62
149.57585873386367 15.581690705861451 0.32920536685478946 Residue 63
92.20708790041402 12.754457409771387 0.27006377319044594 Residue 64
121.1458098269695 14.194210648226429 0.38038782911420804 Residue 65
91.64950098932758 13.197915936870562 0.36543850022622926 Residue 66
106.32627279353545 13.853884011264892 0.32541158039425244 Residue 67
94.28197444118261 13.701114127378421 0.30037762163496873 Residue 68
92.09924262729949 12.713248148020359 0.44236306534004954 Residue 69
116.46956504873678 16.050651882737498 0.27886585406569714 Residue 70
67.08911330453132 13.445742105463552 0.4416476480309649 Residue 71
72.35135629728518 10.876821998338286 0.23735086560793017 Residue 73
120.73638549684998 13.705042185743284 0.998556793179995 Residue 74
139.47323157657596 10.824396322922608 0.7949257648839425 Residue 75
41.49941343075782 6.321257233864941 0.5017849241357384 Residue 76
