0.0 19.37515657147715
3.673469387755102 19.33644871546452
7.346938775510204 19.22165013254856
11.020408163265307 19.034646683205402
14.693877551020408 18.781628291809746
18.367346938775512 18.470693930722035
22.040816326530614 18.11136172761651
25.714285714285715 17.71403412213228
29.387755102040817 17.289467081172127
33.06122448979592 16.84828519559103
36.734693877551024 16.400573260733275
40.40816326530612 15.955562211224375
44.08163265306123 15.521415231776368
47.755102040816325 15.105109999879042
51.42857142857143 14.712406040593416
55.10204081632653 14.347882117869624
58.775510204081634 14.015027024989092
62.44897959183674 13.716367424406727
66.12244897959184 13.45361785251985
69.79591836734694 13.227840069868513
73.46938775510205 13.039601173330947
77.14285714285714 12.889122020403338
80.81632653061224 12.776409404809792
84.48979591836735 12.70136702223099
88.16326530612245 12.663881590770007
91.83673469387756 12.66388159077001
95.51020408163265 12.701367022230984
99.18367346938776 12.776409404809792
102.85714285714286 12.889122020403338
106.53061224489797 13.03960117333095
110.20408163265306 13.227840069868513
113.87755102040816 13.45361785251985
117.55102040816327 13.716367424406723
121.22448979591837 14.015027024989092
124.89795918367348 14.347882117869624
128.57142857142858 14.712406040593416
132.24489795918367 15.105109999879042
135.91836734693877 15.521415231776375
139.59183673469389 15.955562211224375
143.26530612244898 16.400573260733275
146.9387755102041 16.848285195591032
150.6122448979592 17.289467081172134
154.28571428571428 17.71403412213227
157.9591836734694 18.11136172761651
161.6326530612245 18.470693930722035
165.3061224489796 18.781628291809746
168.9795918367347 19.034646683205395
172.6530612244898 19.221650132548554
176.3265306122449 19.336448715464517
180.0 19.37515657147715
