0.0 19.37515657147715
3.673469387755102 19.343215411259017
7.346938775510204 19.248400143955305
11.020408163265307 19.093674227242005
14.693877551020408 18.88377929906774
18.367346938775512 18.624960621199236
22.040816326530614 18.32462239523906
25.714285714285715 17.990945158920873
29.387755102040817 17.6324978613305
33.06122448979592 17.257873681149967
36.734693877551024 16.875372322225935
40.40816326530612 16.492743784978558
44.08163265306123 16.1170007880107
47.755102040816325 15.754300114342271
51.42857142857143 15.409887785111367
55.10204081632653 15.088099328889912
58.775510204081634 14.792404418467108
62.44897959183674 14.525484501815356
66.12244897959184 14.289332395588843
69.79591836734694 14.085363780667464
73.46938775510205 13.9145318406515
77.14285714285714 13.777437695564696
80.81632653061224 13.674430662826284
84.48979591836735 13.605693650503927
88.16326530612245 13.571310127539272
91.83673469387756 13.571310127539274
95.51020408163265 13.605693650503925
99.18367346938776 13.674430662826285
102.85714285714286 13.777437695564696
106.53061224489797 13.914531840651499
110.20408163265306 14.085363780667464
113.87755102040816 14.289332395588843
117.55102040816327 14.525484501815356
121.22448979591837 14.792404418467108
124.89795918367348 15.088099328889918
128.57142857142858 15.40988778511136
132.24489795918367 15.754300114342271
135.91836734693877 16.1170007880107
139.59183673469389 16.492743784978558
143.26530612244898 16.875372322225935
146.9387755102041 17.257873681149967
150.6122448979592 17.632497861330503
154.28571428571428 17.99094515892087
157.9591836734694 18.32462239523906
161.6326530612245 18.624960621199236
165.3061224489796 18.883779299067744
168.9795918367347 19.093674227242005
172.6530612244898 19.24840014395531
176.3265306122449 19.343215411259013
180.0 19.37515657147715
