134.36474203257043 -15.72777104361694 15.671987460902209
76.80682040389941 -155.40090091967164 13.88532270169434
91.7814791736536 51.85766532698704 13.225879373508993
100.97066104918852 -116.55255936530696 14.058137332565266
94.05390128276512 68.45532306761956 12.796211451291516
109.62985174056942 -78.10955415070293 14.264985151633454
83.15493894295308 156.98090561049287 11.368737783776002
123.38516113257288 161.84604922704114 12.697515644647114
91.59515228883642 105.0366572213778 9.465354165257223
45.10436528162958 122.71395465116355 12.164979652791178
99.39913910221411 -94.55738089616497 11.745439743197545
70.26477500010985 67.83482755728738 15.181687506291983
83.25721379660082 -122.10689597290452 14.360856668506415
97.35728724279613 26.895143259470544 13.212934578634176
116.75858839350067 -16.24535797067558 13.867493706557969
40.20177125221112 151.38145746311207 17.637922084174498
135.87948074797316 -107.8513117799506 15.874650114295024
113.20900982393353 -37.44810826137754 14.00329479745894
99.27983116989691 -159.79196663108232 12.818886608799254
92.32735073597728 78.9175158771591 15.242621527371082
116.50626302902344 64.185856419029 18.715834204615227
98.33535756333947 88.52166569974551 13.532114566654345
119.85104708665502 80.70479999991728 13.827615827789772
105.97190523308088 58.410974711279636 14.325439678779514
93.75286102936036 78.38632104661968 13.48871080509868
121.03431987651469 71.07543031065036 14.685097513591057
100.88552241936712 64.29673589038019 13.454488477295973
104.6526135116327 90.38402808193246 14.120805616844809
154.54121706454015 104.0997500589861 19.108725369187415
148.38542641404484 -25.480606905514286 19.569831621110406
87.55958913446639 -154.76687690624388 12.943025679931406
128.21659572244687 -135.59394638499407 15.83711878965791
110.19170474431859 150.64960694057308 13.859044063998066
78.25756129377875 -68.56515247890927 12.684729185964386
94.20955138161763 122.83468179498473 13.762350444370824
89.19704372219631 -91.35261298662913 12.556469723091139
69.9190033520091 92.75597474615256 15.375823260907659
98.11529941071613 -90.82405779168855 12.446313882704583
88.56254093518515 -114.25946525143337 12.2098684951267
145.7560271787789 -90.37651246166838 17.83212044117994
60.43332040020052 66.24763807520115 13.051975291550608
74.21387779205068 -88.59419896648062 14.279064095561552
135.88331749013415 40.56157702471616 14.100668064013204
17.622083952101164 99.03644275472172 19.5609924899821
39.80472891079239 -74.65030267491532 16.051346169998965
107.93119276727542 61.958299457248685 14.202424134188266
107.45893931759475 -154.28645349656804 12.852296974276396
103.48105913971882 -175.06753786103144 13.69686636709833
76.59259751653642 -159.68019829412987 13.116620430283328
102.16140144705429 -140.0012944582611 13.75405077253054
107.9517134001275 142.04411518685345 13.801222252639917
83.22715572172919 149.449934725135 12.661116774068368
51.461536449926804 -9.228545891778047 14.160907153249571
149.57585873386367 88.03954466771202 15.581690705861451
92.20708790041402 -171.635878689169 12.754457409771387
121.14580982696953 158.03633522066684 14.194210648226429
91.64950098932758 31.63583233082236 13.197915936870562
106.32627279353545 -130.1248446841565 13.853884011264892
94.28197444118261 86.88926237099821 13.701114127378421
92.09924262729949 -67.813102929178 12.713248148020359
116.46956504873678 127.04687751686905 16.050651882737498
67.08911330453132 -26.576212529119427 13.445742105463552
72.35135629728515 14.525463030532675 10.876821998338286
120.73638549684998 -148.43274213994349 13.705042185743284
139.47323157657596 -127.75548493198572 10.824396322922608
41.49941343075782 -175.97745285753624 6.321257233864941
