[-0.3981420459940455, -0.054106483173547895, 0.9157267057863203]
[0.1359541582896736, -0.6654598274178944, -0.7339480124209702]
[0.2771003612689966, 0.8261695956353393, 0.4905702692095511]
[-0.4049985984060309, -0.8856787530798692, -0.22704466880338459]
[0.5412580683252045, 0.7332514963349017, 0.4115603802548245]
[-0.7701135398700372, -0.5960187236760245, 0.22734734820631508]
[0.8045162628270499, -0.27517658243463267, -0.5263377540385954]
[0.7764838448178984, -0.6262955222018002, 0.06947487032581111]
[0.919375310497552, 0.39081103653781674, 0.04489735145604005]
[0.5411986497209907, 0.48208467291530177, -0.6889835917351899]
[-0.7001264920038903, -0.7103324175433036, -0.07246207132984889]
[0.4163809446306239, 0.9072614210211463, 0.05919140879552997]
[-0.390257086131956, -0.7579203409615299, -0.5227390969504321]
[-0.12244840585533379, 0.7428536621890351, 0.6581601814724332]
[-0.5920830762243964, 0.14802076905609549, 0.7921663226726429]
[0.4064677545087185, 0.2306704506837025, -0.8840673660564661]
[-0.2508066190008342, -0.8961748703322572, 0.36601453748496443]
[-0.776106068075493, -0.08260787321171836, 0.6251682256639688]
[0.29314496546540436, -0.8569638537472987, -0.4238855772409172]
[0.6762174088952007, 0.6721560430759981, 0.301556412074885]
[0.5108501977506413, 0.47942885622232917, 0.7135685301913753]
[0.8003317947134442, 0.5195495773619839, 0.2992277644767297]
[0.7042906628802013, 0.32764826490515064, 0.6297787521696893]
[0.4199831039275226, 0.6473040558106301, 0.636090914686346]
[0.6739913641588895, 0.6627751689913481, 0.3262893139649679]
[0.5933608248565536, 0.37694668839347334, 0.7112201667801216]
[0.49826173970858034, 0.6830678357890144, 0.5339977251384983]
[0.8244087990333144, 0.4305245950507315, 0.36742169932225277]
[0.5822345141663395, -0.29315304209773624, 0.7583299179264456]
[-0.2681214676734845, -0.28538686521306106, 0.9201441276976552]
[0.16963365079061998, -0.7862062617481699, -0.5942256629491983]
[0.016332024293243125, -0.9931912273325147, 0.11534492157099058]
[0.9054114277439093, -0.4170194526433021, -0.07952938216669611]
[-0.9701309920603837, -0.20628048462757384, -0.12764881474478695]
[0.9888301082139065, 0.11825184799259067, -0.09072771095983319]
[-0.7819335485707423, -0.5930853677801573, -0.191910583722322]
[0.696507646663362, 0.7016215060367961, -0.15034746557931494]
[-0.7465801972942692, -0.6628324870642686, -0.057193558205853645]
[-0.49318102120997326, -0.7749987476156774, -0.3951574641992978]
[-0.2682651198238309, -0.7648627652992416, 0.5856780478596606]
[0.3260785104009563, 0.9415516987827527, -0.08457661363524792]
[-0.8339195766947094, -0.40674018569177706, -0.37301549692839214]
[0.20930084412968517, 0.21644770222192347, 0.9535950654494028]
[0.06160579892832767, 0.6448073621165483, -0.7618583800803802]
[-0.7494842691837401, 0.14522527167110488, -0.6458970124672886]
[0.4755941455208208, 0.6075331665362731, 0.6361710935783936]
[0.2266857240992023, -0.9311395662550204, -0.28564434292321106]
[0.5367740504508188, -0.7701987812024175, -0.3444814308448751]
[0.20408426359787984, -0.6406824394540392, -0.740186209765443]
[-0.025504959692096634, -0.9416431118322631, -0.3356452695480105]
[0.9578858550419658, -0.2823350590959765, -0.052360320050525634]
[0.863630416692648, -0.17129859504648187, -0.4741300398607799]
[-0.6729529721367729, 0.7301386571741968, -0.11845606186322542]
[0.5745865621513171, -0.14415783854685224, 0.8056480622335229]
[0.4577663950622082, -0.716725558415891, -0.5260745208287315]
[0.8171586625409114, -0.5740539604350045, 0.05209386473698345]
[-0.0644559716398142, 0.8184885287595115, 0.5708957488097611]
[-0.1686356848499515, -0.9596903519642673, -0.22484757979993625]
[0.7743144511126269, 0.5779229390734868, 0.25776385955136155]
[-0.9413601070147452, -0.32809619365008846, 0.07870220221513072]
[0.9692399354121941, -0.14816406655983144, 0.19652317161754657]
[-0.8800608114948891, 0.4717535280222591, 0.05423630582468591]
[-0.40198557012780495, 0.8692682887027592, 0.28771556034528295]
[0.17031792080271957, -0.9841724166145387, -0.04895365388341625]
[-0.018410904867237697, -0.9450931165181582, 0.32628214736936584]
[0.18158520207060147, -0.043866088140641836, -0.9823963460336241]
