2 A N H 600.13 1.256003 0.010465 10.099732 0.271467 0.688536 0.009230
3 A N H 600.13 1.408108 0.014741 10.211334 0.070162 0.771007 0.010500
4 A N H 600.13 1.399747 0.055491 9.668242 0.335041 0.740035 0.009980
5 A N H 600.13 1.342536 0.023722 9.782958 0.115518 0.713226 0.009920
6 A N H 600.13 1.450185 0.015548 9.775167 0.161077 0.794006 0.011000
7 A N H 600.13 1.328567 0.018408 9.829907 0.109028 0.727556 0.010100
8 A N H 600.13 1.427482 0.017270 8.526098 0.179440 0.686150 0.015700
9 A N H 600.13 1.249443 0.043773 8.191773 0.350444 0.614320 0.028600
10 A N H 600.13 1.353040 0.040811 6.810290 0.535799 0.639816 0.011000
11 A N H 600.13 1.253962 0.009729 7.817932 0.341413 0.519767 0.010900
12 A N H 600.13 1.275538 0.008291 7.903952 0.420881 0.747587 0.011900
13 A N H 600.13 1.402436 0.024656 11.009141 0.071416 0.736951 0.013700
14 A N H 600.13 1.336046 0.009786 9.934148 0.122769 0.716351 0.009720
15 A N H 600.13 1.418675 0.006096 9.809025 0.155025 0.756903 0.008710
17 A N H 600.13 1.363732 0.025341 9.842060 0.132682 0.739585 0.009860
18 A N H 600.13 1.190950 0.021344 10.738786 0.207061 0.718073 0.009870
20 A N H 600.13 1.247817 0.010608 10.171305 0.142364 0.701853 0.009500
21 A N H 600.13 1.450366 0.012389 10.572056 0.088222 0.747396 0.007540
22 A N H 600.13 1.402882 0.011676 9.387686 0.218745 0.715716 0.008940
23 A N H 600.13 1.508006 0.025235 11.864047 0.101996 0.723801 0.011900
25 A N H 600.13 1.435309 0.034898 13.755089 0.222226 0.759033 0.008710
27 A N H 600.13 1.451366 0.047798 10.251007 0.168946 0.749646 0.009700
28 A N H 600.13 1.446596 0.007514 10.468494 0.225629 0.786484 0.007690
29 A N H 600.13 1.391331 0.018015 10.363439 0.090342 0.751376 0.009260
30 A N H 600.13 1.459461 0.008676 10.283138 0.094285 0.754414 0.010500
32 A N H 600.13 1.412476 0.018289 10.744857 0.041618 0.733687 0.007640
33 A N H 600.13 1.408103 0.004638 9.883435 0.088611 0.741642 0.008100
34 A N H 600.13 1.360355 0.034645 9.956163 0.128593 0.715203 0.010700
35 A N H 600.13 1.244247 0.011174 12.150896 0.122033 0.752026 0.010600
36 A N H 600.13 1.091821 0.015050 10.876794 0.163310 0.729482 0.010300
39 A N H 600.13 1.422654 0.019923 9.631674 0.137107 0.739841 0.006840
40 A N H 600.13 1.313779 0.023140 10.713986 0.082744 0.724704 0.009910
41 A N H 600.13 1.399939 0.004765 10.141563 0.098878 0.777301 0.009670
42 A N H 600.13 1.395068 0.010975 9.249670 0.296808 0.719957 0.011000
43 A N H 600.13 1.353768 0.003784 9.742311 0.310182 0.776253 0.011500
44 A N H 600.13 1.417466 0.005667 9.324251 0.113171 0.732907 0.010500
45 A N H 600.13 1.353238 0.021158 10.826155 0.181610 0.797672 0.010200
46 A N H 600.13 1.298233 0.043863 8.419305 0.209211 0.679430 0.016200
47 A N H 600.13 1.356772 0.015240 8.680637 0.126614 0.715489 0.010200
48 A N H 600.13 1.239341 0.016934 11.305791 0.243094 0.728962 0.008770
49 A N H 600.13 1.321197 0.015444 8.893636 0.108458 0.622759 0.008620
50 A N H 600.13 1.408079 0.015179 10.394993 0.069641 0.700432 0.012300
51 A N H 600.13 1.257569 0.005579 9.183128 0.351912 0.707163 0.011900
52 A N H 600.13 1.110128 0.005988 11.005045 0.098677 0.692186 0.008540
54 A N H 600.13 1.246676 0.009196 10.318543 0.062155 0.743634 0.008110
55 A N H 600.13 1.362125 0.013310 10.057535 0.104555 0.745167 0.010200
56 A N H 600.13 1.468959 0.025409 9.905827 0.102670 0.762089 0.010600
57 A N H 600.13 1.385731 0.030909 9.915865 0.153547 0.765378 0.007740
58 A N H 600.13 1.442350 0.011257 9.930161 0.081334 0.778780 0.007340
59 A N H 600.13 1.344329 0.007823 9.637632 0.152409 0.748007 0.008990
60 A N H 600.13 1.407467 0.012315 10.114738 0.143394 0.741423 0.008920
61 A N H 600.13 1.400321 0.017876 9.295108 0.118075 0.745046 0.009150
62 A N H 600.13 1.218936 0.022046 8.729392 0.212320 0.507602 0.012600
63 A N H 600.13 1.268217 0.011140 10.208095 0.180714 0.743131 0.007940
64 A N H 600.13 1.470317 0.024955 9.847961 0.094962 0.764533 0.010800
65 A N H 600.13 1.350033 0.016731 9.990246 0.216139 0.768925 0.007850
66 A N H 600.13 1.301814 0.022740 9.024547 0.169268 0.788994 0.009430
67 A N H 600.13 1.349430 0.026933 9.731969 0.084863 0.741374 0.011600
68 A N H 600.13 1.359201 0.024395 9.702108 0.092396 0.741457 0.010100
69 A N H 600.13 1.416625 0.027385 9.489174 0.243445 0.791638 0.011300
70 A N H 600.13 1.423719 0.014714 11.769449 0.147287 0.733526 0.012600
71 A N H 600.13 1.397487 0.024037 9.745459 0.244306 0.690521 0.010100
73 A N H 600.13 1.392495 0.020674 7.893190 0.102983 0.579962 0.013300
74 A N H 600.13 1.311811 0.070726 9.009312 0.361810 0.410370 0.019400
75 A N H 600.13 1.294793 0.064633 7.130711 0.310570 0.366768 0.036400
76 A N H 600.13 1.333718 0.009229 4.622080 0.309545 0.449463 0.015900
